1	8450	2003	2003	856	856	854	2	1	3	Attchd	548	2008	208500
2	9600	1976	1976	1262	1262	0	2	0	3	Attchd	460	2007	181500
3	11250	2001	2002	920	920	866	2	1	3	Attchd	608	2008	223500
4	9550	1915	1970	756	961	756	1	0	3	Detchd	642	2006	140000
5	14260	2000	2000	1145	1145	1053	2	1	4	Attchd	836	2008	250000
6	14115	1993	1995	796	796	566	1	1	1	Attchd	480	2009	143000
7	10084	2004	2005	1686	1694	0	2	0	3	Attchd	636	2007	307000
8	10382	1973	1973	1107	1107	983	2	1	3	Attchd	484	2009	200000
9	6120	1931	1950	952	1022	752	2	0	2	Detchd	468	2008	129900
10	7420	1939	1950	991	1077	0	1	0	2	Attchd	205	2008	118000
11	11200	1965	1965	1040	1040	0	1	0	3	Detchd	384	2008	129500
13	12968	1962	1962	912	912	0	1	0	2	Detchd	352	2008	144000
14	10652	2006	2007	1494	1494	0	2	0	3	Attchd	840	2007	279500
15	10920	1960	1960	1253	1253	0	1	1	2	Attchd	352	2008	157000
16	6120	1929	2001	832	854	0	1	0	2	Detchd	576	2007	132000
17	11241	1970	1970	1004	1004	0	1	0	2	Attchd	480	2010	149000
19	13695	2004	2004	1114	1114	0	1	1	3	Detchd	576	2008	159000
20	7560	1958	1965	1029	1339	0	1	0	3	Attchd	294	2009	139000
22	7449	1930	1950	637	1108	0	1	0	3	Attchd	280	2007	139400
23	9742	2002	2002	1777	1795	0	2	0	3	Attchd	534	2008	230000
24	4224	1976	1976	1040	1060	0	1	0	3	Attchd	572	2007	129900
25	8246	1968	2001	1060	1060	0	1	0	3	Attchd	270	2010	154000
26	14230	2007	2007	1566	1600	0	2	0	3	Attchd	890	2009	256300
27	7200	1951	2000	900	900	0	1	0	3	Detchd	576	2010	134800
28	11478	2007	2008	1704	1704	0	2	0	3	Attchd	772	2010	306000
29	16321	1957	1997	1484	1600	0	1	0	2	Attchd	319	2006	207500
30	6324	1927	1950	520	520	0	1	0	1	Detchd	240	2008	68500
31	8500	1920	1950	649	649	668	1	0	3	Detchd	250	2008	40000
32	8544	1966	2006	1228	1228	0	1	1	3	Attchd	271	2008	149350
33	11049	2007	2007	1234	1234	0	2	0	3	Attchd	484	2008	179900
34	10552	1959	1959	1398	1700	0	1	1	4	Attchd	447	2010	165500
35	7313	2005	2005	1561	1561	0	2	0	2	Attchd	556	2007	277500
37	10859	1994	1995	1097	1097	0	1	1	3	Attchd	672	2009	145000
38	8532	1954	1990	1297	1297	0	1	0	3	Attchd	498	2009	153000
39	7922	1953	2007	1057	1057	0	1	0	3	Detchd	246	2010	109000
41	8658	1965	1965	1088	1324	0	2	0	3	Attchd	440	2006	160000
42	16905	1959	1959	1350	1328	0	1	1	2	Attchd	308	2007	170000
43	9180	1983	1983	840	884	0	1	0	2	Attchd	504	2007	144000
44	9200	1975	1980	938	938	0	1	0	3	Detchd	308	2008	130250
45	7945	1959	1959	1150	1150	0	1	0	3	Attchd	300	2006	141000
46	7658	2005	2005	1752	1752	0	2	0	2	Attchd	576	2010	319900
47	12822	2003	2003	1434	1518	631	1	1	1	Attchd	670	2009	239686
48	11096	2006	2006	1656	1656	0	2	0	3	Attchd	826	2007	249700
50	7742	1966	1966	955	955	0	1	0	3	Attchd	386	2007	127000
51	13869	1997	1997	794	794	676	2	0	3	Attchd	388	2007	177000
52	6240	1934	1950	816	816	0	1	0	3	Detchd	528	2006	114500
54	50271	1981	1987	1842	1842	0	0	1	0	Attchd	894	2006	385000
55	7134	1955	1955	384	1360	0	1	0	3	Detchd	572	2007	130000
56	10175	1964	1964	1425	1425	0	2	0	3	Attchd	576	2008	180500
57	2645	1999	2000	970	983	756	2	1	3	Attchd	480	2009	172500
58	11645	2004	2004	860	860	860	2	1	3	Attchd	565	2006	196500
60	7200	1972	1972	780	780	0	1	0	2	Detchd	352	2008	124900
61	13072	2004	2004	1158	1158	0	1	1	3	Detchd	576	2006	158000
62	7200	1920	1996	530	581	530	1	0	3	Detchd	288	2007	101000
63	6442	2006	2006	1370	1370	0	2	0	2	Attchd	484	2007	202500
64	10300	1921	1950	576	902	808	2	0	3	Detchd	480	2010	140000
65	9375	1997	1998	1057	1057	977	2	1	3	Attchd	645	2009	219500
67	19900	1970	1989	1947	2207	0	2	0	3	Attchd	576	2010	180000
68	10665	2003	2003	1453	1479	0	2	0	3	Attchd	558	2007	226000
69	4608	1945	1950	747	747	0	1	0	2	Attchd	220	2010	80000
70	15593	1953	1953	1304	1304	983	2	0	3	Attchd	667	2006	225000
71	13651	1973	1973	2223	2223	0	2	0	3	Attchd	516	2007	244000
72	7599	1982	2006	845	845	0	1	0	2	Detchd	360	2007	129500
73	10141	1998	1998	832	885	833	2	1	3	Attchd	427	2009	185000
74	10200	1954	2003	1086	1086	0	1	0	3	Attchd	490	2010	144900
75	5790	1915	1950	840	840	765	2	0	3	Detchd	379	2010	107400
77	8475	1956	1956	952	952	0	1	0	2	Detchd	283	2008	135750
78	8635	1948	2001	672	1072	213	1	0	2	Detchd	240	2008	127000
80	10440	1910	1981	440	682	548	1	1	2	Detchd	440	2009	110000
81	13000	1968	1968	896	1182	960	2	1	4	Attchd	509	2009	193500
82	4500	1998	1998	1237	1337	0	2	0	2	Attchd	405	2006	153500
83	10206	2007	2007	1563	1563	0	2	0	3	Attchd	758	2008	245000
84	8892	1960	1960	1065	1065	0	1	1	3	Detchd	461	2007	126500
86	16059	1991	1992	1288	1301	1116	2	1	4	Attchd	462	2006	260000
88	3951	2009	2009	612	612	612	2	1	2	Detchd	528	2009	164500
91	7200	1950	1950	0	1040	0	1	0	2	Detchd	420	2006	109900
92	8500	1961	1961	1235	1235	0	1	0	2	Attchd	480	2006	98600
93	13360	1921	2006	876	964	0	1	0	2	Detchd	432	2009	163500
94	7200	1910	1998	1214	1260	1031	2	0	4	Detchd	506	2007	133900
95	9337	1997	1997	824	905	881	2	1	3	Attchd	684	2007	204750
97	10264	1999	1999	1588	1588	0	2	0	3	Attchd	472	2006	214000
98	10921	1965	1965	960	960	0	1	0	3	Attchd	432	2007	94750
101	10603	1977	2001	1610	1610	0	2	0	3	Attchd	480	2010	205000
102	9206	1985	1985	741	977	755	2	1	3	Attchd	476	2010	178000
103	7018	1979	1979	0	1535	0	2	0	4	Attchd	410	2009	118964
104	10402	2009	2009	1226	1226	0	2	0	3	Attchd	740	2010	198900
105	7758	1931	1950	1040	1226	592	1	1	4	Detchd	240	2007	169500
106	9375	2003	2004	1053	1053	939	2	1	3	Attchd	648	2008	250000
107	10800	1885	1995	641	1047	0	1	0	2	Detchd	273	2007	100000
108	6000	1948	1950	789	789	0	1	0	2	Detchd	250	2008	115000
110	11751	1977	1977	1844	1844	0	2	0	3	Attchd	546	2010	190000
111	9525	1954	1972	994	1216	639	2	0	4	Attchd	325	2006	136900
115	7259	1945	2002	1028	1436	884	2	1	3	Detchd	180	2007	259500
116	3230	1999	1999	729	729	729	2	1	2	Detchd	440	2007	176000
117	11616	1962	1962	1092	1092	0	1	0	3	Attchd	288	2009	139000
118	8536	2006	2007	1125	1125	0	1	1	2	Attchd	430	2007	155000
119	12376	1990	1990	1673	1699	1523	3	0	5	Attchd	594	2010	320000
120	8461	2005	2006	728	728	728	2	1	3	Attchd	390	2006	163990
121	21453	1969	1969	938	988	0	1	0	1	Attchd	540	2006	180000
122	6060	1939	1950	732	772	351	1	0	3	Detchd	264	2007	100000
123	9464	1958	1958	1080	1080	0	1	0	3	Attchd	288	2008	136000
124	7892	1993	1993	1199	1199	0	2	0	2	Attchd	530	2008	153900
125	17043	1979	1998	1362	1586	0	2	0	3	Attchd	435	2009	181000
127	4928	1976	1976	1078	958	0	2	0	2	Attchd	440	2007	128000
129	7590	1966	1966	660	660	688	1	1	3	Attchd	453	2006	155000
131	14200	1966	1966	924	1216	941	2	1	4	Attchd	487	2006	226000
133	7388	1959	2002	1063	1327	0	1	0	3	Detchd	624	2007	150750
134	6853	2001	2002	1267	1296	0	2	0	2	Attchd	471	2009	220000
135	10335	1968	1993	1461	1721	0	2	1	3	Attchd	440	2006	180000
136	10400	1970	1970	1304	1682	0	2	0	3	Attchd	530	2008	174000
137	10355	1967	1967	1214	1214	0	2	0	3	Attchd	318	2007	143000
139	9066	1999	2000	1004	1004	848	2	1	3	Attchd	660	2008	230000
140	15426	1997	1997	928	928	836	2	1	3	Attchd	470	2009	231500
142	11645	2005	2005	1734	1734	0	2	0	3	Attchd	660	2006	260000
143	8520	1952	1952	910	910	475	2	0	4	Detchd	720	2010	166000
144	10335	1999	1999	1490	1501	0	2	0	3	Attchd	577	2009	204000
145	9100	1963	1963	1728	1728	0	2	0	6	Detchd	504	2006	125000
146	2522	2004	2006	970	970	739	2	0	3	Detchd	380	2006	130000
147	6120	1931	1993	715	875	0	1	0	2	Detchd	180	2009	105000
150	6240	1936	1950	896	896	448	1	0	3	Detchd	240	2006	115000
151	10356	1975	1975	969	969	0	1	1	3	Attchd	440	2007	122000
152	13891	2007	2008	1710	1710	0	2	0	2	Attchd	866	2008	372402
153	14803	1971	1971	825	1097	896	2	1	4	Attchd	495	2006	190000
154	13500	1960	1975	1602	1252	0	1	0	1	Attchd	564	2008	235000
155	11340	1923	1950	1200	1200	0	1	0	4	Detchd	312	2006	125000
157	7200	1950	1950	0	1040	0	1	0	2	Detchd	625	2006	109500
159	12552	2004	2005	991	991	956	2	1	3	Attchd	678	2010	254900
160	19378	2005	2006	1392	1392	1070	2	1	4	Attchd	576	2006	320000
161	11120	1984	1984	1232	1232	0	2	0	3	Attchd	516	2008	162500
163	12182	2005	2005	1541	1541	0	2	0	3	Attchd	532	2010	220000
165	5400	1926	2004	1149	1149	467	2	0	3	Detchd	216	2007	152000
167	10708	1955	1993	1617	1867	0	1	0	2	Attchd	303	2009	190000
168	10562	2007	2007	1582	1610	551	1	1	3	Attchd	789	2007	325624
169	8244	2004	2004	840	840	880	2	1	3	Attchd	440	2007	183500
170	16669	1981	1981	1686	1707	0	2	1	2	Attchd	511	2006	228000
171	12358	1941	1950	720	854	0	1	1	2	Detchd	660	2007	128500
172	31770	1960	1960	1080	1656	0	1	0	3	Attchd	528	2010	215000
173	5306	1987	1987	1064	1064	703	2	0	2	Attchd	504	2006	239000
174	10197	1961	1961	1362	1362	0	1	1	3	Attchd	504	2008	163000
175	12416	1986	1986	1606	1651	0	2	0	3	Attchd	616	2008	184000
176	12615	1950	2001	1202	2158	0	2	0	4	Attchd	576	2007	243000
177	10029	1988	1989	1151	1164	896	2	1	4	Attchd	521	2007	211000
178	13650	1958	1958	1052	1252	668	2	0	4	Attchd	451	2006	172500
179	17423	2008	2009	2216	2234	0	2	0	1	Attchd	1166	2009	501837
180	8520	1923	2006	968	968	0	1	0	2	Detchd	480	2007	100000
181	2117	2000	2000	756	769	756	2	1	3	Detchd	440	2007	177000
182	7588	1920	1950	793	901	901	1	1	4	Detchd	216	2006	200100
183	9060	1957	2006	0	1340	0	1	0	3	Attchd	252	2007	120000
184	11426	2003	2003	1362	1362	720	2	1	3	Detchd	484	2008	200000
185	7438	1908	1991	504	936	316	1	0	3	Attchd	576	2006	127000
186	22950	1892	1993	1107	1518	1518	2	1	4	Detchd	840	2006	475000
187	9947	1990	1991	1188	1217	0	2	0	3	Attchd	497	2009	173000
188	10410	1916	1987	660	808	704	2	1	3	Detchd	180	2009	135000
189	7018	1979	1979	1086	1224	0	0	2	2	Detchd	528	2009	153337
190	4923	2001	2002	1593	1593	0	1	1	0	Attchd	682	2008	286000
191	10570	1932	1994	853	1549	1178	2	1	3	Detchd	440	2007	315000
192	7472	1972	2004	725	725	754	1	1	4	Attchd	484	2007	184000
193	9017	1999	1999	1431	1431	0	2	0	3	Attchd	666	2009	192000
194	2522	2004	2004	970	970	739	2	0	3	Detchd	380	2006	130000
195	7180	1972	1972	864	864	0	1	0	3	Detchd	352	2008	127000
196	2280	1976	1976	855	855	601	2	1	3	Attchd	440	2009	148500
197	9416	2007	2007	1726	1726	0	2	0	3	Attchd	786	2007	311872
198	25419	1918	1990	1360	1360	1360	2	0	4	Detchd	795	2006	235000
200	9591	2004	2005	1713	1713	0	2	0	3	Attchd	856	2009	274900
201	8546	2003	2004	1121	1121	0	2	0	2	Attchd	440	2010	140000
202	10125	1977	1977	1196	1279	0	2	0	3	Detchd	473	2008	171500
203	7000	1924	1950	617	865	445	2	0	2	Attchd	398	2006	112000
204	4438	2004	2004	848	848	0	1	0	1	Attchd	420	2008	149000
205	3500	1947	1950	720	720	564	1	1	2	Detchd	240	2009	110000
206	11851	1990	1990	1424	1442	0	2	0	3	Attchd	500	2009	180500
207	13673	1962	1962	1140	1696	0	1	1	3	Attchd	349	2007	143900
208	12493	1960	1960	1100	1100	0	1	0	3	Attchd	312	2008	141000
209	14364	1988	1989	1157	1180	882	2	1	3	Attchd	454	2007	277000
210	8250	1964	1964	1092	1092	0	1	0	3	Attchd	504	2008	145000
212	10420	2009	2009	1212	1212	0	2	0	3	Attchd	460	2010	186000
213	8640	2009	2009	900	932	920	2	1	3	Attchd	644	2009	252678
214	13568	1995	1995	990	990	0	1	0	3	Attchd	576	2006	156000
215	10900	1977	1977	689	689	703	1	1	3	Attchd	299	2010	161750
216	10011	1957	1996	1070	1236	0	1	0	2	Attchd	447	2006	134450
217	8450	2004	2004	1436	1436	0	2	0	3	Attchd	484	2008	210000
218	9906	1925	1950	686	810	518	1	0	3	Detchd	210	2006	107000
219	15660	1939	2006	798	1137	817	1	1	3	Attchd	431	2008	311500
220	3010	2005	2006	1248	1248	0	2	0	2	Attchd	438	2006	167240
221	8990	2006	2006	1498	1498	0	2	0	2	Attchd	675	2006	204900
223	11475	1975	1975	713	811	741	2	1	3	Attchd	434	2006	179900
224	10500	1971	1971	864	864	0	1	0	2	Detchd	576	2009	97000
225	13472	2003	2003	2392	2392	0	2	0	3	Attchd	968	2009	386250
226	1680	1971	1971	630	630	672	2	1	3	Detchd	280	2009	112000
227	9950	1995	1995	1203	1214	1306	2	1	4	Attchd	721	2007	290000
228	1869	1970	1970	483	483	504	1	1	2	Detchd	280	2008	106000
229	8521	1967	1967	912	912	0	1	0	3	Detchd	336	2010	125000
230	3182	2005	2006	1373	1555	0	2	0	2	Attchd	430	2009	192500
231	8760	1959	1959	1194	1194	0	1	0	3	Attchd	312	2010	148000
232	15138	1995	1996	1462	1490	1304	2	1	4	Attchd	810	2009	403000
233	1680	1972	1972	483	483	504	1	1	2	Attchd	288	2006	94500
234	10650	1976	1976	894	894	0	1	0	3	Attchd	308	2010	128200
236	1680	1971	1971	483	483	504	1	1	2	Detchd	264	2008	89500
237	8773	2004	2004	1414	1414	0	2	0	3	Attchd	494	2010	185500
238	9453	1993	2003	996	1014	730	2	1	3	Attchd	457	2010	194500
239	12030	2007	2007	1694	1694	0	2	0	3	Attchd	818	2007	318000
240	8741	1945	1950	735	798	689	1	1	3	Detchd	220	2010	113000
241	9000	2008	2008	1566	1566	0	2	0	3	Attchd	750	2010	262500
243	5000	1900	1950	540	889	551	1	0	3	Attchd	352	2006	79000
244	10762	1980	1980	626	626	591	1	1	3	Attchd	288	2009	120000
245	8880	1994	2002	948	1222	888	2	1	3	Attchd	463	2010	205000
246	10400	1988	1988	1845	1872	0	2	0	3	Attchd	604	2006	241500
247	9142	1910	1950	1020	908	1020	2	0	4	Detchd	440	2006	137000
248	11310	1954	1954	1367	1375	0	1	0	2	Attchd	451	2006	140000
249	11317	2003	2003	840	840	828	2	1	3	Attchd	500	2007	180000
250	159000	1958	2006	1444	1444	700	2	0	4	Attchd	389	2007	277000
252	4750	2006	2007	1573	1625	0	2	0	2	Attchd	538	2007	235000
253	8366	2004	2004	798	798	842	2	1	3	Attchd	520	2008	173000
254	9350	1964	1991	1302	1302	0	2	0	3	Attchd	309	2007	158000
255	8400	1957	1957	1314	1314	0	1	0	3	Attchd	294	2010	145000
257	8791	2003	2003	864	864	864	2	1	3	Attchd	673	2008	207500
258	8814	2006	2006	1604	1604	0	2	1	3	Attchd	660	2009	220000
259	12435	2001	2001	963	963	829	2	1	3	Attchd	564	2008	231500
260	12702	1956	1956	0	882	0	1	0	2	Detchd	308	2008	97000
261	19296	1962	1962	1362	1382	0	1	0	3	Attchd	884	2009	176000
263	8471	1977	1995	506	1212	0	1	0	3	Attchd	492	2006	151000
264	5500	1929	2001	926	926	0	1	0	3	Detchd	484	2010	130000
265	5232	1925	2004	680	764	0	1	0	2	Detchd	504	2008	73000
266	12090	1981	1981	1422	1422	0	2	0	3	Attchd	576	2008	175500
267	11207	1997	1997	802	802	709	2	1	3	Attchd	413	2006	185000
268	8400	1939	1997	720	1052	720	2	1	4	Detchd	240	2008	179500
269	6900	1940	1955	740	778	0	1	0	2	Detchd	924	2008	120500
270	7917	1976	1976	1143	1113	0	1	1	3	Attchd	504	2007	148000
271	10728	2006	2006	1095	1095	844	2	1	3	Attchd	1053	2006	266000
272	39104	1954	2005	1385	1363	0	1	0	2	Attchd	439	2008	241500
273	11764	1999	2007	1152	1164	1106	2	1	4	Attchd	671	2010	290000
274	9600	1958	1988	1240	1632	0	2	0	3	Attchd	338	2009	139000
275	8314	1982	1982	816	816	0	1	0	2	Attchd	264	2007	124500
276	7264	1925	2007	952	952	596	2	1	3	Detchd	672	2009	205000
277	9196	2003	2003	1560	1560	0	2	0	3	Attchd	573	2010	201000
278	19138	1951	1951	864	864	0	1	0	2	Detchd	400	2010	141000
279	14450	2006	2007	2121	2121	0	2	1	3	Attchd	732	2007	415298
280	10005	1977	1977	1160	1156	866	2	1	4	Attchd	505	2008	192000
281	11287	1989	1989	807	1175	807	2	1	3	Attchd	575	2007	228500
282	7200	2006	2006	1262	1262	0	2	0	2	Attchd	572	2006	185000
283	5063	2007	2008	1314	1314	0	2	0	2	Attchd	626	2009	207500
284	9612	2008	2009	1468	1468	0	2	0	3	Attchd	898	2009	244600
285	8012	1992	1992	1575	1575	0	2	0	2	Attchd	529	2007	179200
286	4251	2006	2007	625	625	625	2	1	2	Detchd	528	2007	164700
287	9786	1962	1981	912	1085	649	1	1	3	Attchd	440	2006	159000
289	9819	1967	1967	882	900	0	1	0	3	Detchd	280	2010	122000
290	8730	1915	2003	698	698	698	1	0	3	Detchd	384	2007	153575
291	15611	2006	2006	1079	1079	840	2	1	3	Attchd	685	2006	233230
293	11409	1949	2008	768	1148	568	1	1	3	Attchd	281	2009	131000
294	16659	1977	1994	795	1468	795	2	1	3	Attchd	539	2006	235000
295	9600	1953	1953	1416	1644	0	1	0	3	Attchd	418	2009	167000
296	7937	1984	1984	1003	1003	0	1	0	3	Detchd	588	2006	142500
297	13710	1950	1950	910	910	648	1	1	4	Attchd	282	2007	152000
298	7399	1997	1998	975	975	975	2	1	3	Detchd	576	2007	239000
299	11700	1968	1968	702	1041	702	1	2	3	Attchd	539	2007	175000
300	14000	1950	2004	1092	1152	0	1	0	3	Attchd	300	2009	158500
301	15750	1953	1953	1165	1336	0	1	0	2	Attchd	375	2006	157000
303	13704	2001	2002	1541	1541	0	2	0	3	Attchd	843	2006	205000
304	9800	1972	1972	894	894	0	1	0	3	Attchd	552	2006	149900
305	18386	1880	2002	1470	1675	1818	3	0	3	Attchd	870	2008	295000
306	10386	2004	2005	2000	2000	0	2	0	3	Attchd	888	2007	305900
307	13474	1990	1991	700	1122	1121	2	1	4	Attchd	746	2007	225000
309	12342	1940	1950	861	861	0	1	0	1	Detchd	539	2009	82500
310	12378	2003	2004	1896	1944	0	2	0	3	Attchd	708	2006	360000
311	7685	1993	1994	697	697	804	2	1	3	Attchd	420	2006	165600
312	8000	1948	2002	972	972	0	1	0	2	Detchd	240	2009	132000
313	7800	1939	1950	793	793	325	1	0	3	Detchd	410	2006	119900
314	215245	1965	1965	2136	2036	0	2	0	3	Attchd	513	2009	375000
315	9600	1925	1990	728	832	809	1	1	3	Detchd	546	2006	178000
316	7795	2004	2005	716	716	716	2	1	3	Attchd	432	2009	188500
317	13005	1980	1980	845	1153	1200	2	1	4	Attchd	484	2009	260000
318	9000	2006	2006	1088	1088	871	2	1	3	Attchd	1025	2007	270000
319	9900	1993	1993	1347	1372	1274	2	1	4	Attchd	656	2009	260000
320	14115	1980	1980	1372	1472	0	2	0	3	Attchd	588	2009	187500
321	16259	2006	2006	1249	1249	1347	3	1	4	Attchd	840	2006	342643
323	10380	1986	1987	1502	1553	1177	2	1	4	Attchd	576	2007	301000
324	5820	1955	2005	1162	1163	0	1	0	3	Attchd	220	2006	126175
326	5000	1941	1950	720	803	0	1	0	2	Detchd	360	2007	87000
327	10846	1993	1993	1719	1719	0	1	1	1	Attchd	473	2008	324000
328	11600	1960	1960	1383	1383	0	1	1	3	Attchd	292	2006	145250
329	11888	1916	1994	844	1445	689	2	0	5	Detchd	441	2009	214500
330	6402	1920	1950	596	596	596	1	0	3	Detchd	189	2009	78000
331	10624	1964	1964	1728	1728	0	2	0	6	Detchd	352	2007	119000
332	8176	1958	1992	1056	1056	0	1	0	3	Attchd	308	2007	139000
333	10655	2003	2004	3206	1629	0	2	0	3	Attchd	880	2009	284000
334	8198	2004	2004	1358	1358	0	2	0	2	Attchd	484	2008	207000
335	9042	1998	1998	943	943	695	2	1	3	Attchd	472	2008	192000
336	164660	1965	1965	1499	1619	167	2	0	3	Attchd	529	2008	228950
337	14157	2005	2006	1922	1922	0	2	0	3	Attchd	676	2007	377426
338	9135	2002	2003	1536	1536	0	2	0	3	Attchd	532	2008	214000
339	14145	1984	1998	1208	1621	0	2	0	3	Attchd	440	2006	202500
340	12400	1958	1998	1215	1215	0	1	0	3	Attchd	297	2009	155000
341	14191	2002	2002	967	993	915	2	1	4	Attchd	431	2010	202900
343	8544	1949	1950	0	1040	0	2	0	2	Detchd	400	2006	87500
344	8849	2005	2005	1684	1684	0	2	0	2	Attchd	564	2008	266000
345	2592	1976	1976	536	536	576	1	1	3	Attchd	336	2010	85000
346	6435	1939	1950	972	972	605	1	0	3	Detchd	312	2006	140200
347	12772	1960	1998	958	958	0	1	0	2	Attchd	301	2007	151500
348	17600	1960	1960	1478	1478	0	2	0	3	Attchd	498	2009	157500
350	20431	2005	2006	1848	1848	880	2	1	4	Attchd	706	2006	437154
351	7820	2007	2007	1869	1869	0	2	0	2	Attchd	617	2007	318061
352	5271	1986	1986	1453	1453	0	1	1	2	Attchd	445	2006	190000
353	9084	1941	1950	616	616	495	1	0	3	Detchd	200	2008	95000
354	8520	1928	2003	624	720	0	1	0	2	Detchd	484	2010	105900
355	8400	1940	2000	940	1192	403	1	0	2	Attchd	240	2006	140000
356	11249	1995	1995	1200	1200	0	2	0	3	Attchd	521	2007	177500
357	9248	1992	1992	1158	1167	0	2	0	3	Attchd	400	2009	173000
358	4224	1976	1976	1142	1142	0	1	1	3	Attchd	528	2007	134000
360	12011	1998	1998	1086	1086	838	2	1	3	Attchd	592	2006	280000
361	7540	1978	1978	888	912	0	1	0	2	Attchd	470	2007	156000
362	9144	1940	1982	883	988	517	1	0	3	Detchd	240	2008	145000
364	1680	1972	2007	483	483	504	1	1	2	Detchd	264	2009	118000
365	18800	1976	1976	796	790	784	2	1	3	Attchd	566	2006	190000
366	10690	1920	1997	672	672	672	1	0	3	Detchd	468	2009	147000
367	9500	1963	1963	1394	1394	0	1	1	3	Attchd	514	2009	159000
369	7800	1954	1954	1268	1268	0	1	0	2	Attchd	244	2010	132000
370	9830	1959	2006	1063	1287	0	1	0	3	Detchd	576	2010	162000
371	8121	2000	2000	953	953	711	2	1	3	Attchd	460	2006	172400
372	17120	1959	1959	0	1120	468	2	0	4	Detchd	680	2008	134432
373	7175	1984	1984	744	752	0	1	0	2	Attchd	264	2010	125000
374	10634	1953	1953	608	1319	0	1	0	3	Attchd	270	2009	123000
377	8846	1996	1996	870	914	0	1	0	2	Detchd	576	2006	148000
378	11143	2004	2005	1580	1580	886	3	0	4	Attchd	610	2007	340000
379	11394	2010	2010	1856	1856	0	1	1	1	Attchd	834	2010	394432
380	8123	2000	2000	982	1007	793	2	1	3	Attchd	463	2009	179000
381	5000	1924	1950	1026	1026	665	2	0	3	Detchd	308	2010	127000
382	7200	2006	2006	1293	1301	0	2	0	2	Attchd	572	2006	187750
383	9245	2006	2006	939	939	858	2	1	3	Attchd	639	2007	213500
384	9000	1928	1950	784	784	0	1	0	2	Detchd	360	2009	76000
385	53107	1992	1992	1580	1079	874	2	1	3	Attchd	501	2007	240000
386	3182	2004	2005	1256	1269	0	2	0	2	Attchd	430	2010	192000
388	7200	1976	1976	1041	1125	0	1	0	3	Detchd	352	2009	125000
389	9382	1999	2000	1468	1479	0	2	0	3	Attchd	577	2008	191000
391	8405	1900	1950	861	961	406	1	0	4	Detchd	384	2008	119000
393	8339	1959	1959	0	882	0	1	0	3	Attchd	294	2007	106500
395	10134	1940	1950	735	735	299	1	0	2	Detchd	240	2007	109000
396	9571	1956	1956	1144	1144	0	1	0	3	Attchd	596	2010	129000
397	7200	1972	1972	894	894	0	1	0	2	Detchd	600	2009	123000
398	7590	1962	1962	864	876	936	2	0	4	Attchd	264	2007	169500
399	8967	1920	1950	961	1077	0	1	0	2	Detchd	338	2007	67000
400	8125	2006	2007	1092	1112	438	2	0	2	Attchd	438	2009	241000
401	14963	1996	1996	1260	1288	0	1	1	1	Attchd	500	2008	245500
402	8767	2005	2005	1310	1310	0	2	0	3	Attchd	400	2006	164990
403	10200	1940	1997	672	672	0	1	0	2	Detchd	240	2008	108000
406	9991	1976	1993	1281	1620	0	2	0	3	Attchd	490	2009	150000
407	10480	1936	1950	1064	1166	0	1	0	3	Detchd	240	2008	115000
408	15576	1915	1976	840	840	840	2	0	4	Attchd	308	2008	177000
409	14154	2006	2006	1063	1071	1101	2	1	3	Attchd	947	2007	280000
410	10800	2007	2008	1034	1050	1028	2	1	3	Attchd	836	2008	339750
411	9571	1958	1958	1276	1276	0	1	0	3	Attchd	350	2009	60000
412	34650	1955	1955	1056	1056	0	1	0	3	Attchd	572	2006	145000
413	4403	2009	2009	1470	1478	0	2	1	2	Attchd	484	2010	222000
414	8960	1927	1950	1008	1028	0	1	0	2	Detchd	360	2010	115000
415	11228	1993	1993	1080	1080	1017	2	1	3	Attchd	678	2008	228000
416	8899	2007	2007	1340	1340	0	2	0	3	Attchd	396	2007	181134
417	7844	1978	1978	672	672	728	1	1	3	Attchd	440	2006	149500
418	22420	1918	1950	1370	1370	1254	2	1	4	Detchd	864	2007	239000
419	8160	1940	1950	756	756	378	1	1	3	Detchd	240	2007	126000
420	8450	1968	1968	1056	1056	0	1	0	3	Attchd	304	2010	142000
421	7060	1997	1998	1344	1344	0	2	0	2	Attchd	784	2008	206300
422	16635	1977	2000	1602	1602	0	2	0	3	Attchd	529	2009	215000
423	21750	1954	1954	988	988	0	1	0	2	Attchd	520	2008	113000
424	9200	1998	1998	1470	1470	1160	2	1	4	Attchd	696	2008	315000
425	9000	1956	1956	1196	1196	0	1	0	2	Attchd	297	2008	139000
426	3378	1946	1992	651	707	682	1	1	3	Detchd	240	2009	135000
427	12800	1989	1989	1518	1644	0	2	0	2	Attchd	569	2009	275000
428	8593	1957	1957	907	907	0	1	0	3	Detchd	352	2008	109008
429	6762	2007	2007	1208	1208	0	2	0	2	Attchd	628	2007	195400
430	11457	1988	1988	1392	1412	0	2	0	3	Attchd	576	2009	175000
431	1680	1971	1971	483	483	504	1	1	2	Detchd	264	2008	85400
433	1920	1971	1971	765	765	600	1	1	2	Detchd	440	2007	122500
434	10839	1997	1998	926	926	678	2	1	3	Attchd	470	2008	181000
436	10667	1996	1996	799	827	834	2	1	3	Attchd	550	2009	212000
437	4400	1920	1950	648	734	384	1	0	2	Detchd	440	2006	116000
438	6000	1926	2004	884	904	0	1	0	2	Detchd	180	2009	119000
439	4280	1913	2002	440	694	0	1	0	2	Detchd	352	2007	90350
440	12354	1920	2000	684	684	512	1	0	3	Detchd	528	2009	110000
441	15431	2008	2008	3094	2402	0	2	0	2	Attchd	672	2009	555000
443	6240	1930	1992	1078	1128	445	2	0	3	Detchd	360	2008	162900
444	3922	2006	2007	1258	1258	0	2	0	2	Attchd	648	2007	172500
445	8750	1994	1995	915	933	975	2	1	4	Attchd	493	2008	210000
446	9855	1956	1956	1436	1689	0	1	0	3	Attchd	480	2009	127500
447	16492	1966	2002	1517	1888	0	2	1	2	Attchd	578	2010	190000
448	11214	1998	1999	930	956	930	2	1	4	Attchd	431	2006	199900
449	8600	1937	1950	780	780	596	2	0	3	Detchd	198	2006	119500
450	6000	1948	2002	649	679	504	1	1	2	Detchd	308	2007	120000
451	5684	1930	2005	813	813	0	1	0	2	Detchd	270	2006	110000
452	70761	1975	1975	1533	1533	0	2	0	2	Attchd	576	2006	280000
453	9303	1996	1997	872	888	868	2	1	3	Attchd	422	2007	204000
454	9000	2008	2008	768	786	804	2	1	3	Attchd	676	2009	210000
455	9297	1976	1976	1728	1728	0	2	0	4	Detchd	560	2006	188000
456	9600	1973	1973	1242	1242	0	1	1	3	Attchd	528	2007	175500
457	4571	1916	1950	624	624	720	1	0	4	Detchd	513	2008	98000
458	53227	1954	1994	1364	1663	0	1	0	2	Attchd	529	2008	256000
459	5100	1925	1996	588	833	833	1	0	3	Detchd	228	2008	161000
460	7015	1950	1950	709	979	224	1	0	3	Detchd	352	2009	110000
462	7200	1936	2007	560	575	560	1	0	3	Detchd	576	2009	155000
463	8281	1965	1965	864	864	0	1	0	3	Detchd	360	2009	62383
464	11988	1934	1995	715	849	811	1	1	3	Detchd	240	2008	188700
466	3072	2004	2004	1375	1414	0	2	0	2	Attchd	398	2006	178740
467	10628	1970	1970	1277	1277	0	1	0	2	Attchd	526	2007	167000
468	9480	1942	1995	728	888	756	1	1	3	Attchd	312	2007	146500
469	11428	2006	2006	1626	1634	0	2	0	3	Attchd	866	2007	250000
470	9291	1993	1993	832	832	878	2	1	3	Attchd	506	2008	187000
471	6820	1985	1985	1488	1502	0	1	1	1	Attchd	528	2010	212000
472	11952	1977	1977	808	1161	808	2	1	3	Attchd	534	2007	190000
474	14977	2006	2007	1976	1976	0	2	0	2	Attchd	908	2007	440000
475	5330	2000	2000	1494	1652	0	2	0	2	Attchd	499	2007	251000
476	8480	1963	1963	970	970	0	1	0	2	Detchd	624	2007	132500
477	13125	1997	1998	1478	1493	0	2	0	3	Attchd	508	2008	208900
479	10637	2007	2008	1705	1718	0	2	0	3	Attchd	826	2009	297000
480	5925	1937	2000	907	1131	0	1	0	2	Detchd	672	2007	89471
481	16033	2004	2005	1833	1850	0	2	0	3	Attchd	772	2006	326000
482	11846	2003	2004	1792	1792	0	2	0	2	Attchd	874	2006	374000
483	2500	1915	2005	910	916	910	1	1	4	Attchd	164	2009	155000
484	4500	1998	1998	1216	1216	0	2	0	2	Attchd	402	2006	164000
485	7758	1962	2001	999	999	0	1	0	3	Detchd	264	2007	132500
486	9600	1950	2007	1113	1113	0	1	0	3	Attchd	264	2009	147000
487	10289	1965	1965	1073	1073	0	1	1	3	Attchd	515	2007	156000
488	12243	1971	1971	1484	1484	0	2	0	3	Attchd	487	2007	175000
489	10800	1900	1970	954	1766	648	2	0	3	Attchd	520	2006	160000
490	1526	1970	2002	630	630	0	1	0	1	Attchd	286	2009	86000
492	9490	1941	1950	806	958	620	1	0	3	Attchd	240	2006	133000
493	15578	2006	2006	728	728	728	2	1	3	Attchd	429	2006	172785
494	7931	1960	1960	1269	1269	0	1	1	3	Detchd	308	2008	155000
495	5784	1938	1996	190	886	0	1	0	2	Attchd	273	2009	91300
497	12692	1992	1993	3200	3228	0	3	0	4	Attchd	546	2007	430000
498	9120	1925	1950	1026	1133	687	2	0	4	Detchd	240	2008	184000
499	7800	1967	2004	864	899	0	1	0	3	Attchd	288	2009	130000
500	7535	1958	1985	912	912	0	1	0	2	Attchd	297	2007	120000
501	1890	1973	1973	672	672	546	1	1	3	Detchd	264	2007	113000
502	9803	2005	2005	866	866	902	2	1	3	Attchd	603	2008	226700
503	9170	1965	1965	1214	1214	0	1	0	2	Detchd	461	2007	140000
504	15602	1959	1997	1501	1801	0	2	0	1	Attchd	484	2010	289000
505	2308	1974	1974	855	855	467	2	1	3	Attchd	440	2009	147000
506	7596	1952	1952	960	960	1000	2	0	4	Detchd	400	2009	124500
507	9554	1993	1994	777	1065	846	2	1	3	Attchd	471	2006	215000
508	7862	2009	2009	1218	1218	0	2	0	2	Attchd	676	2009	208300
509	9600	1928	2005	689	689	689	2	0	3	Detchd	360	2008	161000
510	9600	1959	1959	1041	1041	0	1	0	3	Attchd	270	2009	124500
512	6792	2005	2006	1368	1368	0	2	0	2	Attchd	474	2006	202665
513	9100	1958	1958	864	864	0	1	0	3	Detchd	624	2006	129900
514	9187	1983	1983	1084	1080	0	1	1	3	Attchd	484	2007	134000
515	10594	1926	1950	768	789	0	1	0	2	Detchd	200	2007	96500
516	12220	2009	2009	2006	2020	0	2	1	3	Attchd	900	2009	402861
517	10448	1972	1972	689	1378	741	2	1	3	Attchd	583	2009	158000
518	10208	1996	1997	1264	1277	1067	2	1	3	Attchd	889	2009	265000
519	9531	1998	1998	794	882	914	2	1	3	Attchd	546	2007	211000
520	10918	1926	2004	1276	1276	804	1	1	3	Detchd	282	2009	234000
522	11988	1957	1957	1244	1244	0	1	1	3	Attchd	336	2007	150000
523	5000	1947	1950	1004	1004	660	2	0	3	Detchd	420	2006	159000
525	11787	1996	1997	1379	1383	1015	2	1	3	Attchd	834	2007	315750
526	7500	2005	2005	1257	1266	0	2	0	3	Attchd	453	2006	176000
527	13300	1956	2000	928	928	0	1	0	2	Attchd	252	2007	132000
528	14948	2008	2008	1452	1476	1237	2	1	3	Attchd	858	2008	446261
530	32668	1957	1975	2035	2515	0	3	0	4	Attchd	484	2007	200624
531	10200	1988	1989	1461	1509	0	2	0	3	Attchd	600	2008	175000
532	6155	1920	1999	611	751	611	2	0	3	Detchd	502	2008	128000
533	7200	1955	2007	0	827	0	1	0	2	Detchd	392	2010	107500
535	9056	2004	2004	707	707	707	2	1	3	Attchd	403	2006	178000
537	8924	1998	1999	880	880	844	2	1	3	Attchd	527	2008	188000
538	12735	1972	1972	864	864	0	1	0	3	Detchd	576	2008	111250
539	11553	1968	1968	1051	1159	0	1	1	3	Attchd	336	2006	158000
540	11423	2001	2002	1581	1601	0	2	0	3	Attchd	670	2010	272000
541	14601	2006	2006	1838	1838	0	2	0	2	Attchd	765	2009	315000
543	10140	1998	1999	1650	1680	0	2	0	3	Attchd	583	2009	213250
544	4058	1998	1998	723	767	0	1	0	1	Attchd	367	2007	133000
545	17104	2006	2006	654	664	832	2	1	3	Attchd	426	2006	179665
546	13837	1988	1988	1204	1377	806	2	1	4	Attchd	786	2006	229000
547	8737	1923	1950	1065	915	720	1	1	3	Detchd	440	2007	210000
548	7244	1970	1970	768	768	0	1	0	2	Detchd	624	2007	129500
549	8235	1955	1995	825	825	0	1	0	2	Detchd	720	2008	125000
551	4043	1977	1977	1069	1069	0	2	0	2	Attchd	440	2008	140000
552	6000	1957	1957	928	928	0	1	0	3	Attchd	288	2008	112500
553	11146	2006	2006	1709	1717	0	2	0	3	Attchd	908	2009	255500
554	8777	1949	2003	0	1126	0	2	0	2	Detchd	520	2009	108000
556	6380	1922	1950	993	1048	0	1	0	2	Detchd	280	2006	113000
557	14850	1957	1957	1092	1092	0	1	0	2	Attchd	299	2006	141000
559	21872	1996	1997	729	729	717	2	1	3	Attchd	406	2008	175000
560	3196	2003	2004	1374	1557	0	2	0	2	Attchd	420	2006	234000
561	11341	1957	1996	1392	1392	0	1	1	3	Detchd	528	2010	121500
562	10010	1974	1975	1389	1389	0	1	0	2	Attchd	418	2006	170000
564	21780	1918	1950	1163	1163	511	2	0	4	Detchd	396	2008	185000
565	13346	1992	2000	1095	1166	1129	2	1	4	Attchd	590	2006	268000
566	6858	1915	1950	806	841	806	1	1	4	Detchd	216	2010	128000
568	10171	2004	2004	1517	1535	0	2	0	3	Attchd	532	2010	214000
570	7032	1979	1979	943	943	0	1	0	2	Detchd	600	2006	135960
571	13101	1965	1965	1728	1728	0	2	0	6	Detchd	576	2008	142600
572	7332	1959	1959	864	864	0	1	0	2	Attchd	288	2006	120000
573	13159	2009	2009	846	846	846	2	1	3	Attchd	650	2009	224500
576	8480	1947	1950	832	832	384	1	0	2	Detchd	336	2008	118500
577	6292	1928	1950	861	877	600	2	0	3	Detchd	216	2009	145000
578	11777	1966	1966	1164	1320	0	1	0	3	Attchd	564	2006	164500
579	3604	2007	2007	689	703	689	2	0	2	Detchd	540	2008	146000
580	12150	1954	1954	1050	1050	745	2	0	4	Attchd	352	2008	131500
581	14585	1960	1987	1144	1429	0	1	0	3	Attchd	572	2007	181900
582	12704	2008	2009	2042	2042	0	2	1	3	Attchd	1390	2009	253293
584	13500	1893	2000	1237	1521	1254	3	1	3	Detchd	880	2008	325000
585	6120	1935	1995	884	989	584	1	0	3	Detchd	240	2009	133000
586	11443	2005	2006	1868	2028	0	2	0	2	Attchd	880	2006	369900
587	10267	1918	2000	816	838	0	1	0	2	Detchd	275	2008	130000
588	8740	1982	1982	840	860	0	1	0	2	Detchd	528	2009	137000
589	25095	1968	2003	1437	1473	0	1	0	1	Attchd	452	2009	143000
590	9100	1930	1960	742	779	0	1	0	2	Detchd	308	2008	79500
591	8320	2004	2004	770	770	812	2	1	3	Attchd	520	2008	185900
593	6600	1982	2003	816	816	0	1	0	2	Detchd	816	2008	138000
594	4435	2003	2003	848	848	0	1	0	1	Attchd	420	2009	140000
595	7990	1975	1975	924	924	0	1	0	3	Detchd	280	2008	110000
596	11302	2005	2006	1814	1826	0	2	0	3	Attchd	758	2006	319000
597	3600	1910	1993	684	684	684	1	0	3	Detchd	216	2006	114504
598	3922	2006	2007	1258	1402	0	0	2	2	Attchd	648	2007	194201
599	12984	1977	1977	1430	1647	0	2	0	3	Attchd	621	2006	217500
600	1950	1980	1980	716	716	840	2	1	3	Attchd	452	2008	151000
602	9000	1937	1950	780	780	595	1	1	3	Detchd	544	2007	141000
603	10041	1992	1992	908	927	988	2	1	3	Attchd	506	2006	220000
604	3182	2004	2005	600	600	600	2	1	2	Detchd	480	2010	151000
605	12803	2002	2002	1494	1494	0	2	0	3	Attchd	530	2008	221000
606	13600	1965	1990	768	1186	800	2	1	3	Attchd	486	2009	205000
607	12464	1996	1996	1040	1040	0	1	0	3	Detchd	576	2009	152000
608	7800	1948	2002	896	1112	896	3	0	3	Attchd	230	2006	225000
610	7943	1961	1961	1029	1029	0	1	0	3	Attchd	261	2007	118500
611	11050	2000	2000	1440	1476	677	2	1	3	Attchd	736	2009	313000
612	10395	1978	1978	1032	1032	0	2	0	3	Attchd	564	2007	148000
616	8800	1963	1963	936	1054	0	1	0	3	Attchd	480	2010	137500
617	7861	2002	2003	783	807	702	2	1	3	Attchd	393	2006	183200
618	7227	1954	1954	832	832	0	1	0	2	Detchd	528	2008	105500
619	11694	2007	2007	1822	1828	0	2	0	3	Attchd	774	2007	314813
620	12244	2003	2003	1482	1482	780	2	1	4	Attchd	749	2008	305000
622	10800	1974	1997	1522	1548	1066	2	1	4	Attchd	624	2008	240000
623	7064	1977	1977	980	980	0	1	0	3	Detchd	484	2009	135000
624	2117	2000	2000	756	756	756	2	1	2	Detchd	440	2007	168500
625	10400	1972	1972	732	1012	778	1	2	4	Attchd	484	2006	165150
626	10000	1962	1962	1116	1116	0	1	1	3	Attchd	440	2010	160000
627	12342	1960	1978	978	1422	0	1	0	3	Attchd	286	2007	139900
629	11606	1969	1969	1040	1040	1040	1	2	5	Attchd	504	2007	135000
630	9020	1964	1964	1248	1350	0	1	1	3	Attchd	520	2008	168500
631	9000	1880	1991	636	1089	661	1	0	3	Detchd	240	2006	124000
632	4590	2006	2006	1554	1554	0	2	0	2	Attchd	627	2007	209500
633	11900	1977	1977	1386	1411	0	2	0	3	Attchd	544	2009	82500
634	9250	1954	2005	1056	1056	0	1	0	3	Attchd	260	2007	139400
635	6979	1980	1980	1056	1056	0	0	0	0	Detchd	576	2010	144000
640	3982	2006	2006	1520	1567	0	2	0	1	Attchd	648	2006	264561
641	12677	2003	2004	1518	1518	0	1	1	1	Attchd	588	2008	274000
642	7050	2001	2001	1057	1057	872	2	1	3	Attchd	650	2007	226000
643	13860	1972	1995	1952	2000	704	2	1	4	Attchd	538	2009	345000
644	10793	1969	1969	780	780	840	2	1	4	Attchd	462	2007	152000
645	9187	2009	2009	1766	1766	0	2	1	2	Attchd	478	2009	370878
646	10530	1971	1971	981	981	0	1	1	3	Detchd	576	2007	143250
647	7200	1950	1950	0	1048	0	1	0	3	Detchd	420	2008	98300
648	10452	1953	1953	1094	1094	0	1	0	3	Attchd	495	2008	155000
649	7700	1966	1966	756	1051	788	1	1	4	Attchd	442	2010	155000
651	8125	2007	2007	813	822	843	2	1	3	Attchd	562	2008	205950
652	9084	1940	1950	755	755	755	1	0	4	Detchd	296	2009	108000
653	8750	1996	1996	880	909	807	2	1	2	Attchd	512	2009	191000
654	10320	1906	1995	756	756	713	1	0	3	Detchd	216	2008	135000
655	10437	1995	1995	2109	2113	0	2	1	2	Attchd	839	2008	350000
656	1680	1971	1971	525	525	567	1	1	3	Detchd	264	2010	88000
657	10007	1959	2006	1053	1053	0	1	1	3	Attchd	312	2008	145500
658	7200	1931	2000	776	851	651	1	1	3	Attchd	270	2008	149000
659	17503	1948	1950	912	912	546	1	0	3	Attchd	330	2010	97500
660	9937	1964	1999	1486	1486	0	1	0	3	Detchd	480	2009	167000
661	12384	1976	1976	793	1142	793	2	1	3	Attchd	550	2007	197900
662	46589	1994	2005	1629	1686	762	2	1	4	Attchd	711	2009	402000
663	13560	1968	1968	1392	1392	0	1	0	2	Attchd	576	2009	110000
664	10012	1972	1972	1138	1181	0	2	0	3	Detchd	588	2008	137500
665	20896	2005	2006	2077	2097	0	1	1	1	Attchd	1134	2006	423000
666	11194	2000	2000	1406	1454	482	2	1	3	Attchd	504	2006	230500
668	8125	1994	1998	1408	1679	0	2	0	3	Attchd	575	2008	193500
669	14175	1956	1987	1188	1437	0	1	1	3	Detchd	576	2006	168000
670	11600	1922	1950	700	1180	0	1	0	2	Detchd	252	2006	137500
671	8633	2005	2005	738	738	738	2	1	3	Attchd	540	2009	173500
672	6629	1925	1950	672	697	672	2	0	3	Detchd	300	2009	103600
673	11250	1977	1977	1208	1208	0	1	1	3	Attchd	546	2006	165000
674	14442	1957	2004	1477	1839	0	2	0	3	Attchd	416	2007	257500
675	9200	1965	1965	1136	1136	0	1	0	3	Attchd	384	2008	140000
676	2289	1978	1978	855	855	586	2	1	3	Attchd	440	2009	148500
678	9022	1924	2006	768	792	0	1	0	2	Detchd	240	2009	109500
679	11844	2008	2008	2046	2046	0	2	1	3	Attchd	834	2009	372500
680	9945	1961	1961	988	988	0	1	0	3	Detchd	572	2007	128500
681	8012	1980	1980	923	923	0	2	0	2	Attchd	264	2010	143000
682	4500	1932	2000	793	848	672	1	0	3	Detchd	281	2009	159434
683	2887	1996	1997	1291	1291	0	1	0	2	Attchd	431	2008	173000
684	11248	2002	2002	1626	1668	0	2	0	3	Attchd	702	2007	285000
685	16770	1998	1998	1195	1195	644	2	1	4	Attchd	486	2010	221000
686	5062	1984	1984	1190	1190	900	2	0	3	Attchd	577	2007	207500
687	10207	2007	2007	874	874	887	3	0	3	Attchd	578	2007	227875
688	5105	2004	2004	551	551	551	2	1	2	Detchd	480	2007	148800
689	8089	2007	2007	1419	1419	0	2	0	2	Attchd	567	2007	392000
690	7577	2005	2006	1362	1362	0	2	0	2	Attchd	460	2007	194700
691	4426	2004	2004	848	848	0	1	0	1	Attchd	420	2008	141000
692	21535	1994	1995	2444	2444	1872	3	1	4	Attchd	832	2007	755000
693	26178	1989	1990	1210	1238	1281	2	1	4	Attchd	628	2006	335000
694	5400	1921	1968	1073	1073	0	1	0	2	Detchd	326	2006	108480
695	6120	1936	1950	927	1067	472	1	1	3	Detchd	576	2009	141500
696	13811	1987	1987	1112	1137	0	2	0	2	Attchd	551	2006	176000
697	6000	1921	1950	616	616	0	1	0	2	Detchd	205	2006	89000
698	6420	1952	1952	980	1148	0	1	0	2	Detchd	308	2006	123500
699	8450	1965	2009	894	894	0	1	0	3	Detchd	336	2010	138500
700	4282	2004	2004	1391	1391	0	2	0	2	Attchd	530	2008	196000
701	14331	2002	2002	1800	1800	0	2	0	3	Attchd	765	2006	312500
702	9600	1969	1969	1164	1164	0	1	1	3	Attchd	528	2006	140000
704	7630	1900	1996	360	1032	780	2	0	4	Detchd	672	2010	140000
705	8400	2004	2005	1473	1484	0	2	0	3	Attchd	606	2010	213000
707	115149	1971	2002	1643	1824	0	2	0	2	Attchd	739	2007	302000
708	6240	2006	2006	1324	1324	0	2	0	2	Attchd	550	2009	254000
709	9018	2007	2007	728	728	728	2	1	3	Attchd	400	2007	179540
710	7162	1966	1966	876	904	0	1	0	3	Attchd	408	2008	109900
712	8712	1900	1950	859	859	319	1	0	2	Detchd	384	2010	102776
713	4671	1988	1989	1228	1228	0	2	0	2	Attchd	472	2008	189000
714	9873	1970	1970	960	960	0	1	0	3	Detchd	576	2006	129000
715	13517	1976	2005	725	725	754	2	1	3	Attchd	475	2010	130500
716	10140	1974	1974	1064	1350	0	2	0	3	Attchd	478	2009	165000
717	10800	1890	1998	718	1576	978	1	1	3	Detchd	704	2007	159500
718	10000	1973	2000	1176	1178	0	1	1	3	Attchd	439	2008	157000
719	10542	1993	1994	1311	1325	1093	2	1	3	Attchd	983	2008	341000
720	9920	1969	1969	971	971	0	1	1	3	Attchd	300	2006	128500
721	6563	1985	1985	1742	1742	0	2	0	2	Attchd	564	2006	275000
722	4426	2004	2004	848	848	0	1	0	1	Attchd	420	2010	143000
723	8120	1970	1970	864	864	0	1	0	3	Detchd	463	2009	124500
724	8172	1954	1972	941	997	473	2	0	4	Detchd	548	2008	135000
725	13286	2007	2008	1698	1698	0	2	0	3	Attchd	768	2009	320000
726	6960	1970	1970	864	864	0	1	0	3	Detchd	660	2009	120500
727	21695	1988	2007	880	1680	0	2	0	3	Attchd	540	2009	222000
728	7314	2007	2007	1232	1232	0	2	0	2	Attchd	632	2009	194500
729	11475	1958	1958	1584	1776	0	2	0	4	Detchd	888	2009	110000
730	6240	1925	1950	780	848	0	1	0	2	Detchd	539	2009	103000
731	5389	1995	1996	1595	1616	0	2	0	2	Attchd	608	2010	236500
732	9590	2003	2003	868	1146	0	2	0	3	Attchd	438	2007	187500
733	11404	1998	1999	1153	1153	878	2	1	3	Attchd	541	2008	222500
734	10000	1961	1983	864	1144	0	1	0	3	Attchd	264	2009	131400
735	8978	1968	1968	948	948	0	1	0	3	Attchd	300	2007	108000
736	10800	1914	1970	880	880	888	1	1	2	Detchd	320	2006	163000
737	8544	1950	1950	0	1040	0	2	0	2	Detchd	400	2006	93500
738	10463	2005	2005	893	901	900	2	1	3	Attchd	800	2006	239900
740	9313	2004	2004	864	864	864	2	1	3	Attchd	572	2009	190000
741	9600	1910	2002	264	768	664	2	0	2	Detchd	360	2007	132000
742	6768	1961	1996	912	912	0	1	0	3	Detchd	288	2008	142000
743	8450	2000	2001	1349	1349	0	2	0	3	Attchd	539	2007	179000
744	12886	1963	1999	520	1464	0	2	0	3	Attchd	480	2009	175000
745	5395	1993	1993	1337	1337	0	2	0	2	Attchd	462	2008	180000
748	11700	1880	2003	1240	1320	1320	1	1	4	Detchd	864	2009	265979
749	10593	1996	1996	1720	1720	0	2	0	3	Attchd	527	2010	260400
750	8405	1945	1950	0	1088	441	2	0	4	Detchd	240	2009	98000
752	7750	2003	2003	660	660	660	2	1	3	Attchd	400	2007	162000
753	9236	1997	1997	1479	1494	0	2	0	3	Attchd	576	2006	217000
754	10240	2005	2005	1030	1038	1060	2	1	3	Attchd	878	2006	275500
755	7930	1969	2005	1026	1026	0	1	0	3	Detchd	440	2009	156000
756	3230	1999	1999	729	742	729	2	1	3	Detchd	440	2009	172500
757	10769	2007	2007	866	866	902	2	1	3	Attchd	578	2009	212000
758	11616	1978	1978	672	672	714	2	1	3	Attchd	440	2010	158900
759	2280	1999	1999	744	757	744	2	1	3	Detchd	440	2008	179400
760	12257	1995	1995	1318	1328	1203	2	1	4	Attchd	752	2007	290000
761	9100	1959	1959	864	864	0	1	0	2	Detchd	300	2009	127500
762	6911	1924	1950	1145	1301	0	1	0	2	Detchd	440	2009	100000
763	8640	2009	2009	756	764	783	2	1	3	Attchd	614	2010	215200
764	9430	1999	1999	1252	1268	1097	2	1	3	Attchd	856	2009	337000
765	9549	1995	1996	1494	1494	0	1	1	2	Attchd	481	2006	270000
766	14587	2008	2008	1498	1506	0	2	0	2	Attchd	592	2008	264132
767	10421	1988	1988	980	980	734	2	1	3	Attchd	496	2010	196500
768	12508	1940	1985	983	983	767	2	0	4	Attchd	423	2008	160000
769	9100	2004	2005	1860	1836	0	2	0	3	Attchd	484	2006	216837
771	7252	1982	1982	858	858	0	1	0	2	Detchd	576	2009	134900
772	8877	1951	1951	836	1220	0	1	0	2	Detchd	396	2006	102000
773	7819	1976	1976	1029	1117	0	1	0	3	Detchd	672	2010	107000
774	10150	1958	1958	912	912	0	1	0	2	Attchd	275	2007	114500
775	14226	2006	2006	1935	1973	0	2	0	3	Attchd	895	2007	395000
776	4500	1998	1998	1204	1204	0	2	0	2	Attchd	412	2009	162000
777	11210	2005	2006	1614	1614	0	2	0	3	Attchd	865	2006	221500
778	13350	1974	1974	864	894	0	1	0	3	Attchd	440	2006	142500
779	8400	1977	1977	0	2020	0	2	0	4	Detchd	630	2007	144000
780	10530	1977	1977	975	1004	0	1	0	2	Attchd	504	2006	135000
781	7875	1995	1996	1237	1253	0	2	0	3	Attchd	402	2007	176000
782	7153	1992	1992	761	810	793	2	1	3	Attchd	484	2006	175900
783	16285	2001	2002	1413	1430	0	2	0	3	Attchd	605	2009	187100
784	9101	1978	1978	1097	1110	0	1	0	1	Attchd	602	2009	165500
786	9790	1967	1967	1372	1342	0	2	0	3	Attchd	457	2009	161500
787	10800	1915	1950	686	966	686	2	0	4	Detchd	416	2010	139000
789	6000	1954	2000	901	901	0	1	0	2	Detchd	281	2008	107900
790	12205	1966	2007	832	976	1111	2	1	5	Attchd	444	2007	187500
791	3182	2005	2006	1145	1145	0	2	0	2	Attchd	397	2009	160200
792	11333	1976	1976	1029	1062	0	1	0	3	Attchd	539	2007	146800
793	9920	1996	1997	1117	1127	886	2	1	3	Attchd	455	2007	269790
794	9158	2007	2007	1496	1496	0	2	0	3	Attchd	474	2007	225000
795	10832	1994	1996	712	1086	809	2	1	3	Attchd	409	2008	194500
796	8400	1980	1981	650	888	676	2	1	3	Attchd	476	2010	171000
797	8197	1977	1977	660	1285	0	1	1	3	Attchd	528	2007	143500
798	7677	1953	1953	773	773	0	1	0	2	Attchd	240	2008	110000
800	7200	1937	1950	731	981	787	1	1	3	Detchd	240	2007	175000
801	12798	1997	1997	616	616	1072	2	1	4	Attchd	603	2008	200000
802	4800	1916	1990	1196	1196	0	1	0	2	Detchd	440	2007	109900
803	8199	2005	2005	728	728	728	2	1	3	Attchd	410	2008	189000
805	9000	1954	1954	936	1128	0	1	0	2	Attchd	286	2006	118000
806	12274	2008	2008	1417	1428	0	2	0	3	Attchd	554	2008	227680
807	9750	1967	1967	980	980	0	2	0	3	Attchd	384	2006	135500
808	21384	1923	2004	1324	1072	504	1	1	3	Attchd	528	2009	223500
809	13400	1966	1966	1024	1086	0	1	0	3	Attchd	484	2006	159950
810	8100	1898	1965	849	1075	1063	2	0	2	Detchd	360	2009	106000
811	10140	1974	1999	1040	1309	0	1	1	3	Attchd	484	2006	181000
812	4438	2004	2004	848	848	0	1	0	1	Attchd	420	2008	144500
814	9750	1958	1958	1442	1442	0	1	1	4	Attchd	301	2007	157900
815	8248	1918	1950	686	686	564	1	1	3	Detchd	280	2006	116000
816	12137	1998	1998	1649	1661	0	2	0	3	Attchd	598	2010	224900
817	11425	1954	1954	1008	1008	0	1	0	2	Attchd	275	2006	137000
818	13265	2002	2002	1568	1689	0	2	0	3	Attchd	857	2008	271000
819	8816	1971	1971	1010	1052	0	1	0	3	Attchd	440	2010	155000
820	6371	2009	2010	1358	1358	0	2	0	2	Attchd	484	2010	224000
821	7226	2003	2003	798	798	842	2	1	3	Attchd	595	2008	183000
822	6000	1953	1953	936	936	0	1	0	2	Detchd	576	2009	93000
824	9900	1940	1950	778	944	545	2	0	3	Detchd	240	2009	139500
825	11216	2006	2006	1489	1489	0	2	0	3	Attchd	776	2006	232600
826	14803	2007	2008	2078	2084	0	2	0	2	Attchd	1220	2008	385000
828	8529	2001	2001	1454	1434	0	2	0	3	Attchd	527	2009	189000
829	28698	1967	1967	1013	1160	966	2	1	3	Attchd	538	2009	185000
830	2544	2005	2005	600	520	623	2	1	2	Detchd	480	2006	147400
831	11900	1957	1957	1392	1392	0	1	1	3	Attchd	458	2008	166000
832	3180	2005	2005	600	520	600	2	1	2	Detchd	480	2006	151000
833	9548	2003	2003	941	941	888	2	1	3	Attchd	613	2010	237000
834	10004	1964	1964	1516	1516	0	1	1	3	Attchd	472	2009	167000
835	7875	1961	1961	1144	1144	0	1	0	3	Attchd	456	2008	139950
836	9600	1950	1995	1067	1067	0	2	0	2	Attchd	436	2010	128000
837	8100	1948	1973	1559	1559	0	1	0	2	Detchd	812	2007	153500
838	1680	1973	1973	483	483	504	1	1	2	Detchd	264	2008	100000
839	9525	1995	2006	1099	1099	0	1	1	3	Attchd	352	2008	144000
840	11767	1946	1995	768	768	432	1	0	3	Detchd	240	2008	130500
841	12155	1925	1950	672	810	672	2	0	4	Detchd	400	2008	140000
842	10440	1904	2002	650	958	581	2	0	3	Detchd	686	2008	157500
843	9020	1966	1966	1127	1165	0	1	1	3	Attchd	490	2008	174900
845	12665	1915	1950	876	876	540	1	1	4	Detchd	720	2008	153900
847	9317	1993	1993	740	1006	769	2	1	3	Attchd	425	2009	213000
848	15523	1972	1972	864	864	0	1	0	3	Attchd	338	2009	133500
849	45600	1908	1997	907	1307	1051	3	0	5	Detchd	360	2008	240000
850	9600	1976	1994	528	1094	761	2	1	3	Attchd	512	2007	187000
851	4435	2003	2003	848	848	0	1	0	1	Attchd	420	2007	131500
852	3196	2003	2003	1273	1456	0	2	0	2	Attchd	400	2006	215000
853	7128	1941	1950	918	918	728	2	0	4	Detchd	240	2007	164000
854	12095	1964	1964	1127	1445	0	1	1	3	Attchd	645	2009	158000
855	17920	1955	1974	1763	1779	0	1	1	3	Attchd	454	2006	170000
856	6897	1962	2010	1040	1040	0	1	1	3	Detchd	260	2010	127000
857	10970	1978	1978	940	1026	0	1	0	3	Detchd	576	2008	147000
858	8125	1994	1995	702	702	779	2	1	3	Attchd	343	2009	174000
859	10400	1976	1976	1090	1370	0	2	0	3	Attchd	479	2009	152000
860	11029	1968	1984	1054	1512	1142	2	1	4	Attchd	619	2006	250000
861	7642	1918	1998	912	912	514	1	1	3	Detchd	216	2007	189950
862	11625	1965	1965	1039	1039	0	1	1	3	Attchd	504	2010	131500
863	9672	1984	1985	1040	1097	0	2	0	3	Attchd	480	2010	152000
864	7931	1959	1959	1148	1148	0	1	0	3	Attchd	672	2009	132500
865	8640	2007	2008	1372	1372	0	2	0	3	Attchd	529	2008	250580
866	8750	1970	1970	1002	1002	0	1	0	3	Detchd	902	2009	148500
867	10656	2006	2007	1638	1646	0	2	0	3	Attchd	870	2007	248900
868	6970	1961	1961	1040	1120	0	1	1	3	Attchd	544	2007	129000
869	14762	1948	1950	0	1547	720	2	0	2	Attchd	672	2006	169000
870	9938	1993	1994	1050	1062	887	2	1	3	Attchd	574	2010	236000
871	6600	1962	1962	894	894	0	1	0	2	Detchd	308	2009	109500
872	8750	1998	1998	804	804	878	2	1	3	Attchd	523	2010	200500
873	8892	1953	1996	105	910	0	1	0	3	Attchd	414	2008	116000
874	12144	1949	1950	832	1036	0	1	0	3	Attchd	288	2009	133000
875	5720	1941	1950	676	676	455	1	1	3	Detchd	200	2009	66500
877	25286	1963	1963	1064	1040	0	1	0	3	Attchd	648	2007	132250
878	8834	2004	2005	1462	1462	762	2	1	4	Attchd	738	2009	350000
879	11782	1961	1995	1109	1155	0	1	0	3	Detchd	576	2010	148000
880	7000	1978	2005	864	864	0	1	0	3	Attchd	336	2009	136500
881	7024	2005	2006	1090	1090	0	1	1	2	Attchd	450	2007	157000
882	13758	1990	1991	1156	1187	530	2	1	3	Attchd	400	2007	187500
884	6204	1912	1950	795	954	795	1	0	5	Detchd	440	2006	118500
885	7150	1967	1967	892	892	0	1	0	3	Attchd	288	2009	100000
886	5119	1999	2000	1698	1709	0	2	0	2	Attchd	506	2008	328900
887	8393	1959	2005	1626	1712	0	2	0	4	Attchd	588	2006	145000
888	16466	1955	1955	816	872	521	1	1	3	Attchd	300	2008	135500
889	15865	1970	1970	2217	2217	0	2	0	4	Attchd	621	2007	268000
890	12160	1953	1953	1505	1505	0	1	0	2	Attchd	505	2009	149500
891	8064	1949	2006	672	672	252	1	0	3	Detchd	576	2007	122900
892	11184	1978	1978	918	918	765	2	1	3	Attchd	440	2009	172500
893	8414	1963	2003	1059	1068	0	1	0	3	Attchd	264	2006	154500
894	13284	1954	1954	1383	1383	0	1	0	3	Attchd	354	2008	165000
895	7018	1979	1979	0	1535	0	2	0	4	Attchd	400	2009	118858
896	7056	1963	1963	780	983	813	1	1	4	Attchd	483	2008	140000
897	8765	1936	1950	951	951	0	1	0	2	Detchd	327	2006	106500
898	7018	1979	1979	0	1120	1120	2	0	6	Detchd	528	2009	142953
899	12919	2009	2010	2330	2364	0	2	1	2	Attchd	820	2010	611657
900	6993	1961	1994	912	1236	0	1	0	3	Attchd	288	2006	135000
901	7340	1971	1971	858	858	0	1	0	2	Detchd	684	2007	110000
902	8712	1957	2000	992	1306	0	1	0	2	Detchd	756	2009	153000
903	7875	2003	2003	783	807	702	2	1	3	Attchd	393	2006	180000
904	14859	2006	2006	1670	1670	0	2	0	3	Attchd	690	2006	240000
905	6173	1967	1967	876	902	0	1	0	3	Attchd	288	2007	125500
906	9920	1954	1954	1056	1063	0	1	0	3	Attchd	280	2010	128000
907	13501	2006	2006	1623	1636	0	2	0	3	Attchd	865	2007	255000
908	11500	1936	1987	1017	1020	1037	1	1	3	Attchd	180	2006	250000
909	8885	1983	1983	864	902	0	1	0	2	Attchd	484	2006	131000
910	12589	2005	2005	742	742	742	2	1	3	Attchd	390	2009	174000
911	11600	1960	1960	1105	1105	1169	2	0	5	Detchd	480	2010	154300
912	9286	1977	1989	1268	1268	0	1	1	3	Detchd	252	2009	143500
913	6120	1925	1950	768	1015	0	1	0	3	Detchd	450	2006	88000
915	3000	2009	2009	612	612	612	2	1	2	Detchd	528	2009	173733
916	2001	1970	1970	546	546	546	1	1	3	Attchd	286	2007	75000
917	9000	1949	1950	480	480	0	0	0	1	Detchd	308	2006	35311
918	17140	1956	1956	1134	1229	0	1	0	3	Attchd	284	2009	135000
919	13125	1991	1991	1104	912	1215	2	1	4	Attchd	833	2007	238000
920	11029	1958	2002	1184	1414	0	1	0	3	Attchd	601	2008	176500
921	8462	1994	1994	928	936	785	2	1	3	Attchd	471	2007	201000
923	10237	2005	2006	1316	1316	0	2	0	3	Attchd	397	2006	169990
924	8012	1993	1994	1604	1617	0	2	0	2	Attchd	533	2008	193000
925	10240	1980	1980	1686	1686	0	2	0	3	Attchd	612	2006	207500
926	15611	1977	1977	1126	1126	0	2	0	3	Attchd	540	2008	175000
928	9900	1968	1968	832	1098	880	2	1	4	Attchd	486	2008	176000
929	11838	2001	2001	1753	1788	0	2	0	3	Attchd	522	2009	236500
931	8925	2007	2007	1466	1466	0	2	0	3	Attchd	610	2009	201000
932	9100	1965	1965	925	925	0	1	0	2	Detchd	429	2009	117500
933	11670	2006	2006	1905	1905	0	2	0	3	Attchd	788	2007	320000
934	8487	2004	2004	1500	1500	0	2	0	3	Attchd	570	2009	190000
935	27650	1960	2007	585	2069	0	2	0	4	Attchd	505	2008	242000
936	5825	1926	1953	600	747	0	1	0	1	Detchd	528	2006	79900
937	10083	2003	2003	1176	1200	0	2	0	2	Attchd	555	2009	184900
938	9675	2005	2005	1113	1113	858	2	1	3	Attchd	689	2009	253000
939	8760	2006	2006	1391	1391	571	2	1	3	Attchd	868	2006	239799
940	24090	1940	1950	1032	1207	1196	2	0	4	Attchd	349	2010	244400
941	12640	1976	1976	1728	1728	0	2	0	4	Attchd	574	2006	150900
944	25000	1967	1967	1632	1632	0	2	0	4	Attchd	576	2007	143000
946	8820	1890	1996	1088	1188	561	1	0	2	Detchd	456	2009	124900
947	8163	1959	1959	1144	1144	0	1	0	3	Attchd	796	2006	143000
948	14536	2002	2003	1616	1629	0	2	0	3	Attchd	808	2007	270000
949	14006	2002	2002	936	936	840	2	1	3	Attchd	474	2006	192500
950	9360	1972	2006	1161	1381	0	1	1	3	Attchd	676	2010	197500
951	7200	1950	2002	864	864	0	1	0	3	Detchd	720	2007	129000
952	7800	1965	1965	828	965	0	1	0	3	Detchd	300	2006	119900
953	7200	1972	2003	768	768	0	1	0	2	Detchd	396	2009	133900
954	11075	1969	1969	784	1168	800	2	1	4	Attchd	530	2008	172000
956	7136	1946	1950	979	979	979	2	0	4	Attchd	492	2007	145000
957	1300	1980	1980	561	561	668	1	1	2	Attchd	462	2009	124000
958	7420	1962	1962	1057	1057	0	1	0	3	Detchd	576	2007	132000
959	8450	2003	2003	1337	1337	0	2	0	3	Attchd	531	2007	185000
960	2572	1999	1999	696	696	720	2	1	3	Detchd	484	2010	155000
962	12227	1977	1995	1330	1542	1330	2	1	4	Attchd	619	2008	272000
963	2308	1976	1976	804	804	744	2	1	3	Detchd	440	2007	155000
964	11923	2007	2007	1800	1800	0	2	0	2	Attchd	702	2009	239000
966	10237	2005	2007	783	783	701	2	1	3	Attchd	393	2007	178900
967	9600	1940	1950	728	976	332	1	1	2	Detchd	256	2009	160000
968	7390	1955	1955	1098	1098	0	1	0	3	Attchd	260	2008	135000
970	10382	1958	1958	588	1095	0	1	0	2	Attchd	264	2006	140000
973	7892	1979	1979	918	918	0	2	0	2	Attchd	264	2010	99500
974	11639	2007	2008	1428	1428	0	2	0	3	Attchd	480	2008	182000
975	11414	1910	1993	728	1136	883	1	0	3	Detchd	532	2009	167500
976	2651	2000	2000	673	673	709	2	1	3	Detchd	490	2006	165000
978	4274	2006	2007	1241	1241	0	1	1	1	Attchd	569	2007	199900
979	9450	1954	1954	894	894	0	1	0	3	Detchd	400	2007	110000
980	8816	1963	1963	1121	1121	0	1	0	3	Detchd	480	2009	139000
981	12122	1961	2007	944	999	0	1	0	3	Attchd	588	2008	178400
982	12203	1998	1999	1225	1276	1336	2	1	4	Attchd	676	2009	336000
983	3182	2007	2007	1266	1266	0	2	0	2	Attchd	388	2008	159895
984	11250	2002	2002	1128	1149	1141	2	1	4	Attchd	779	2008	255900
985	10125	1977	1977	0	1302	432	2	0	4	Attchd	539	2009	126000
986	10880	1950	1950	1164	1164	0	1	0	3	Detchd	240	2008	125000
987	5310	1910	2003	485	1001	634	1	0	2	Attchd	255	2006	117000
988	10159	2009	2010	1930	1940	0	2	1	3	Attchd	606	2010	395192
989	12046	1976	1976	848	1118	912	2	1	4	Attchd	551	2007	195000
990	8125	2006	2006	770	778	798	2	1	3	Attchd	614	2006	197000
991	9452	1997	1998	1396	1407	985	2	1	3	Attchd	870	2006	348000
992	17671	1882	1986	916	916	826	1	1	4	Attchd	424	2009	168000
993	9760	1964	1993	822	1020	831	2	1	3	Attchd	440	2007	187000
994	8846	2005	2006	750	750	750	2	1	3	Attchd	564	2006	173900
995	12456	2006	2007	1700	1718	0	2	0	3	Attchd	786	2009	337500
996	4712	1946	1950	747	774	456	1	1	3	Detchd	305	2006	121600
997	10659	1961	1961	1050	1050	0	1	0	3	Attchd	368	2006	136500
998	11717	1970	1970	1442	1442	0	2	0	2	Attchd	615	2009	185000
999	9786	1922	1950	1007	1077	0	1	0	3	Detchd	210	2006	91000
1000	6762	2006	2006	1187	1208	0	2	0	2	Attchd	632	2010	206000
1001	10206	1952	1952	0	944	0	1	0	2	Detchd	528	2009	82000
1002	5400	1920	1950	691	691	0	1	0	2	Detchd	216	2007	86000
1003	11957	2006	2006	1574	1574	0	2	0	3	Attchd	824	2008	232000
1004	11500	1976	1976	1680	1680	0	2	0	4	Detchd	528	2007	136905
1005	3182	2005	2006	1346	1504	0	2	0	1	Attchd	457	2009	181000
1006	8385	1977	1977	985	985	0	2	0	3	Attchd	328	2008	149900
1007	12155	1970	1970	1657	1657	0	2	0	3	Attchd	484	2007	163500
1008	2217	1970	1970	546	546	546	1	1	3	Attchd	286	2009	88000
1009	12118	2004	2005	1710	1710	0	2	0	3	Attchd	550	2009	240000
1011	21286	1948	1950	720	720	551	2	0	4	Attchd	312	2008	135000
1013	10592	1923	1996	602	900	602	1	1	3	Detchd	180	2007	165000
1014	7200	1910	2006	1022	1022	0	1	0	2	Detchd	280	2009	85000
1015	11664	1948	1950	1082	1082	0	1	0	2	Detchd	240	2007	119200
1016	8400	2001	2001	810	810	855	2	1	3	Attchd	528	2009	227000
1017	11883	1996	1996	1504	1504	0	2	0	3	Attchd	478	2009	203000
1018	5814	1984	1984	1220	1360	0	1	0	1	Attchd	565	2009	187500
1019	10784	1991	1992	384	802	670	2	1	3	Attchd	402	2007	160000
1020	3013	2005	2005	1362	1506	0	2	0	2	Attchd	440	2006	213490
1021	7024	2005	2005	1132	1132	0	1	1	2	Attchd	451	2008	176000
1022	7406	2006	2006	1199	1220	0	2	0	2	Attchd	632	2006	194000
1023	9439	1930	1950	912	912	336	1	0	2	Detchd	160	2007	87000
1024	3182	2005	2006	1346	1504	0	2	0	2	Attchd	437	2008	191000
1025	15498	1976	1976	1565	2898	0	2	0	2	Attchd	665	2008	287000
1026	7700	1972	1972	882	882	0	1	0	3	Detchd	461	2007	112500
1027	9300	1960	1960	1268	1264	0	1	0	3	Attchd	461	2010	167500
1028	9520	2007	2008	1638	1646	0	2	0	3	Attchd	800	2008	293077
1029	9492	1941	1950	768	968	408	1	0	3	Attchd	240	2007	105000
1030	1680	1972	1972	672	672	546	1	1	3	Detchd	264	2006	118000
1033	14541	1993	1993	1338	1352	1168	2	1	5	Attchd	796	2006	310000
1034	8125	2002	2002	1654	1654	0	2	0	3	Attchd	900	2006	230000
1036	11500	1957	1957	0	845	0	1	0	3	Detchd	290	2009	84000
1037	12898	2007	2008	1620	1620	0	2	0	2	Attchd	912	2009	315500
1040	1477	1970	1970	630	630	0	1	0	1	Attchd	286	2009	80000
1041	13125	1957	2000	1134	1803	0	2	0	3	Attchd	484	2006	155000
1042	9130	1966	2000	800	800	832	1	1	4	Attchd	484	2008	173000
1043	5381	2005	2005	1306	1306	0	2	0	1	Attchd	624	2009	196000
1044	11839	1990	1990	1475	1532	797	2	1	4	Attchd	514	2008	262280
1045	9600	1981	1981	2524	2524	0	2	1	4	Attchd	542	2009	278000
1046	13680	1955	1955	0	1733	0	2	0	4	Attchd	452	2009	139600
1048	9245	1994	1995	990	990	0	1	0	3	Detchd	672	2008	145000
1049	21750	1960	2006	0	1771	0	1	0	3	Attchd	336	2009	115000
1050	11100	1946	2006	0	930	0	1	0	2	Detchd	308	2010	84900
1051	8993	2007	2007	1302	1302	0	2	0	3	Attchd	436	2007	176485
1052	11175	2007	2007	1316	1316	0	2	0	3	Attchd	440	2007	200141
1053	9500	1964	1978	816	1127	850	1	1	4	Attchd	540	2007	165000
1055	11367	2002	2002	1065	1091	898	2	1	3	Attchd	586	2006	255000
1056	11361	1976	1976	1193	1523	0	2	0	3	Attchd	478	2008	180000
1057	7052	2005	2005	1364	1364	0	2	0	2	Attchd	484	2006	185850
1059	11308	2008	2008	1104	1130	1054	2	1	3	Attchd	836	2009	335000
1060	11275	1932	1950	854	1096	895	1	1	3	Detchd	432	2007	220000
1061	4920	2001	2001	1338	1338	0	2	0	2	Attchd	582	2010	213500
1062	18000	1935	1950	894	894	0	1	0	2	Detchd	1248	2008	81000
1063	13600	1900	1950	662	1422	915	2	0	5	Detchd	560	2007	90000
1064	6000	1925	1980	1103	1103	0	1	0	2	Detchd	440	2006	110500
1065	11000	1966	1966	1154	1154	0	1	1	3	Attchd	480	2009	154000
1066	14000	1996	1997	1306	1306	954	2	1	3	Attchd	533	2010	328000
1067	7837	1993	1994	799	799	772	2	1	3	Attchd	380	2009	178000
1068	9760	1964	1964	780	798	813	1	1	4	Attchd	442	2008	167900
1069	3964	1973	1973	942	1291	1230	2	1	5	Attchd	576	2006	151400
1070	9600	1949	2003	845	893	0	1	0	2	Detchd	576	2007	135000
1071	10152	1956	1956	1048	1048	0	1	0	3	Attchd	286	2007	135000
1072	11700	1968	1968	727	829	727	1	1	4	Attchd	441	2009	154000
1073	7585	1948	1950	810	1002	454	1	0	4	Detchd	280	2006	91500
1074	7950	1977	1977	690	698	728	1	1	3	Attchd	440	2009	159500
1075	8556	2006	2006	1240	1240	0	2	0	2	Attchd	826	2007	194000
1076	13125	1940	1984	800	960	780	1	1	3	Attchd	240	2007	219500
1077	10800	1936	1989	796	1096	370	2	0	3	Attchd	566	2006	170000
1078	15870	1969	1969	1096	1096	0	1	0	3	Attchd	299	2006	138800
1079	4435	2004	2004	848	848	0	1	0	1	Attchd	420	2006	155900
1080	8775	1994	1994	990	990	0	1	0	3	Attchd	299	2007	126000
1081	11040	1971	2004	1258	1258	0	2	0	3	Attchd	528	2008	145000
1082	7500	1963	1963	1040	1040	0	1	1	3	Attchd	308	2010	133000
1083	8749	2002	2002	1459	1459	0	2	0	3	Attchd	527	2007	192000
1084	8800	1964	1964	1251	1251	0	1	0	3	Attchd	461	2006	160000
1085	13031	1995	1996	691	691	807	2	1	3	Attchd	409	2006	187500
1086	9069	1992	1992	936	996	0	1	0	2	Attchd	564	2010	147000
1087	1974	1973	1973	546	546	546	1	1	3	Attchd	286	2010	83500
1088	10574	2005	2006	1082	1082	871	2	1	3	Attchd	1043	2009	252000
1089	2522	2004	2004	970	970	739	2	0	3	Detchd	380	2006	137500
1090	3316	2005	2005	1247	1247	0	1	1	1	Attchd	550	2006	197000
1091	8544	1950	1950	0	1040	0	2	0	2	Detchd	400	2009	92900
1092	2160	1999	2000	600	624	628	2	1	2	Detchd	462	2008	160000
1093	8400	1925	1950	1181	1390	304	2	0	4	Detchd	576	2008	136500
1094	9230	1965	1998	864	1200	0	1	1	1	Detchd	884	2006	146000
1095	5868	1956	2000	936	936	0	1	0	2	Attchd	308	2010	129000
1096	9317	2006	2006	1314	1314	0	2	0	3	Attchd	440	2007	176432
1098	3696	1986	1986	1074	1088	0	1	1	2	Attchd	461	2007	170000
1099	6000	1936	1950	672	757	567	1	0	3	Detchd	240	2009	128000
1100	11880	1978	1978	1271	1601	0	2	0	3	Attchd	478	2009	157000
1101	8400	1920	1950	290	438	0	1	0	1	Detchd	246	2009	60000
1102	9758	1971	1971	950	950	0	1	0	3	Detchd	280	2007	119500
1103	7000	1960	2002	1010	1134	0	1	0	2	Attchd	254	2007	135000
1105	2016	1970	1970	630	630	672	2	1	3	Detchd	440	2007	106000
1106	12256	1994	1995	1463	1500	1122	2	1	3	Attchd	712	2010	325000
1107	10357	1990	1991	910	1442	0	2	0	3	Attchd	719	2007	179900
1109	8063	2000	2000	924	948	742	2	1	3	Attchd	463	2007	181000
1110	11362	2004	2005	1836	1836	0	2	0	3	Attchd	862	2009	280000
1111	8000	1995	1996	773	773	885	2	1	3	Attchd	431	2008	188000
1112	10480	1976	1976	803	1098	866	2	1	4	Attchd	483	2008	205000
1113	7100	1957	1957	816	816	0	1	0	2	Detchd	308	2006	129900
1114	8923	1953	2006	1008	1008	0	1	0	2	Attchd	240	2007	134500
1115	5400	1954	2000	833	833	0	1	0	2	Detchd	326	2006	117000
1116	12085	2007	2007	1734	1734	0	2	0	3	Attchd	928	2007	318000
1118	9764	1967	2003	894	894	0	1	0	3	Attchd	450	2008	130000
1120	7560	1959	1959	1040	1040	0	1	0	3	Attchd	286	2006	133700
1121	8263	1920	1950	1012	1012	0	1	0	2	Detchd	308	2007	118400
1122	10084	2005	2006	1552	1552	0	2	0	3	Attchd	782	2006	212900
1125	9125	1992	1992	384	812	670	2	1	3	Attchd	392	2007	163900
1126	10434	1955	1955	1005	1005	0	1	0	2	Detchd	672	2009	115000
1127	3684	2007	2007	1373	1555	0	2	0	2	Attchd	660	2009	174000
1128	14572	2004	2004	1530	1530	0	2	0	3	Attchd	630	2007	259000
1130	7200	1980	1980	936	936	0	1	0	2	Detchd	672	2007	140000
1131	7804	1928	1950	1122	1328	653	2	0	4	Detchd	576	2009	135000
1133	9900	1880	1950	1008	1178	1032	2	0	5	Detchd	205	2007	117500
1134	9828	1995	1995	1128	1142	878	2	1	3	Attchd	466	2009	239500
1135	8773	1997	1997	916	916	684	2	1	3	Attchd	460	2007	169000
1136	6180	1926	1950	960	986	0	1	0	2	Detchd	180	2007	102000
1137	9600	1950	1950	1032	1032	220	1	0	3	Attchd	288	2008	119000
1139	9819	1977	1977	1567	1567	0	2	0	2	Attchd	714	2009	196000
1140	8731	1920	1950	915	1167	0	1	0	3	Detchd	495	2007	144000
1141	7350	1951	1951	952	952	0	1	0	2	Detchd	840	2008	139000
1142	10304	1976	1976	780	1088	780	2	1	4	Attchd	484	2009	197500
1145	12180	1941	1950	672	672	252	1	0	2	Detchd	280	2010	80000
1146	6240	1928	1950	1042	1042	534	1	0	3	Detchd	225	2006	149000
1147	11200	1985	1985	1298	1298	0	2	0	3	Attchd	403	2006	180000
1148	12000	1941	1950	704	860	704	1	1	3	Attchd	234	2009	174500
1149	5700	1926	1950	572	572	539	1	0	2	Detchd	288	2008	116900
1150	9000	1920	1988	650	832	650	1	0	3	Detchd	324	2009	143000
1151	8280	1950	1950	932	932	0	1	0	2	Attchd	306	2007	124000
1152	17755	1959	1959	1466	1466	0	1	1	3	Attchd	528	2006	149900
1153	14115	1956	2004	1073	1811	0	1	0	2	Attchd	470	2006	230000
1154	5890	1930	2007	816	816	0	1	0	2	Detchd	432	2008	120500
1155	13700	1965	1988	864	902	918	1	2	4	Attchd	492	2008	201800
1156	10768	1976	2004	1437	1437	0	2	0	3	Attchd	528	2007	218000
1157	9350	1965	1999	1219	1265	0	2	0	3	Attchd	502	2008	179900
1158	5001	2007	2008	1314	1314	0	2	0	2	Attchd	626	2009	230000
1159	11932	2007	2008	1580	1580	0	2	0	3	Attchd	830	2008	235128
1160	9120	1974	1974	901	943	933	2	1	4	Attchd	540	2008	185000
1161	2280	1978	1978	855	855	601	2	1	3	Attchd	440	2010	146000
1162	14778	1954	2006	1296	1640	0	1	0	3	Detchd	924	2008	224000
1163	8724	1968	1968	894	894	0	1	0	3	Attchd	450	2007	129000
1165	16157	1978	1978	1360	1432	0	1	1	2	Attchd	588	2007	194000
1166	9541	2009	2009	1502	1502	0	2	0	3	Attchd	644	2009	233170
1167	10475	2008	2008	1694	1694	0	2	0	3	Attchd	776	2010	245350
1168	10852	2000	2000	959	959	712	2	1	3	Attchd	472	2006	173000
1170	35760	1995	1996	1930	1831	1796	3	1	4	Attchd	807	2006	625000
1171	9880	1977	1977	1096	1118	0	1	0	3	Attchd	358	2008	171000
1172	9120	1958	1958	1261	1261	0	1	0	3	Attchd	433	2008	163000
1173	4017	2006	2007	625	625	625	2	1	2	Detchd	625	2008	171900
1175	16560	1932	1950	952	1170	1175	2	1	4	Detchd	360	2006	239000
1176	10678	1992	2000	1683	2129	743	2	1	4	Attchd	541	2007	285000
1177	6951	1984	1985	876	923	0	1	0	3	Attchd	264	2008	119500
1178	3950	1926	2004	818	818	406	1	0	3	Detchd	210	2009	115000
1179	7681	1921	1950	731	820	523	1	1	3	Detchd	186	2009	154900
1181	11170	1990	1991	1216	1298	1216	2	1	4	Attchd	693	2006	250000
1182	5587	2008	2008	1600	1652	0	2	0	2	Attchd	482	2008	392500
1183	15623	1996	1996	2396	2411	2065	3	1	4	Attchd	813	2007	745000
1184	10800	1920	1950	1120	1130	0	1	0	2	Detchd	720	2006	120000
1186	9738	1924	1950	784	949	272	1	0	4	Attchd	392	2006	104900
1188	12461	1994	1995	1624	1624	0	2	0	2	Attchd	757	2006	262000
1189	8935	2002	2002	831	831	829	2	1	3	Attchd	493	2009	195000
1190	7500	1999	1999	994	1028	776	2	1	3	Attchd	442	2010	189000
1192	2645	1999	2000	776	764	677	2	1	2	Detchd	492	2007	174000
1193	9600	1925	1994	702	842	630	1	0	3	Detchd	250	2007	125000
1194	4500	1999	1999	1224	1224	0	2	0	2	Attchd	402	2009	165000
1195	9364	1969	1969	663	663	689	1	1	4	Attchd	299	2010	158000
1196	8029	2005	2005	728	728	728	2	1	3	Attchd	400	2008	176000
1198	8850	1916	1950	815	815	875	1	0	3	Detchd	225	2006	144000
1199	9100	2001	2001	1212	1212	0	2	0	3	Attchd	573	2009	178000
1200	11235	1963	1979	1051	1382	0	1	1	3	Attchd	459	2006	148000
1201	9353	1970	1970	864	864	0	1	0	3	Attchd	280	2006	116050
1202	10400	1998	1998	866	866	913	2	1	3	Attchd	546	2009	197900
1203	6000	1925	1997	884	884	464	1	0	3	Detchd	216	2009	117000
1204	9750	2000	2001	1630	1630	0	2	0	3	Attchd	451	2009	213000
1205	10140	1975	1975	1056	1074	0	1	1	3	Attchd	495	2006	153500
1206	14684	1990	1991	2158	2196	0	2	0	3	Attchd	701	2009	271900
1207	8900	1966	1966	1056	1056	0	1	0	2	Detchd	384	2006	107000
1208	9135	2003	2003	1682	1700	0	2	0	3	Attchd	544	2006	200000
1209	7763	1962	1980	931	1283	0	1	0	3	Detchd	506	2008	140000
1210	10182	2006	2006	1660	1660	0	2	0	3	Attchd	500	2006	290000
1211	11218	1992	1992	1055	1055	790	2	1	3	Attchd	462	2010	189000
1213	9340	1941	1950	672	672	0	1	0	2	Attchd	234	2009	113000
1214	10246	1965	2001	648	960	0	0	0	0	Attchd	364	2006	145000
1215	10205	1962	1962	925	999	0	1	0	3	Attchd	300	2006	134500
1216	7094	1966	1966	894	894	0	1	0	3	Detchd	384	2007	125000
1217	8930	1978	1978	0	1318	584	2	0	4	Attchd	539	2010	112000
1218	8640	2009	2009	1300	1314	0	2	0	3	Attchd	552	2009	229456
1221	7800	1964	1964	912	912	0	1	0	2	Attchd	288	2006	115000
1222	8250	1968	1968	952	1211	0	1	0	3	Attchd	322	2008	134000
1223	10496	1949	1950	1040	1168	678	2	0	3	Attchd	315	2007	143000
1224	10680	1951	1951	2136	2136	0	2	0	4	Detchd	528	2006	137900
1225	15384	2004	2005	788	788	702	2	1	3	Attchd	388	2008	184000
1226	10482	1958	1958	588	1138	0	1	0	3	Attchd	264	2007	145000
1228	8872	1965	2008	912	912	0	1	0	2	Detchd	576	2008	147000
1229	8769	2008	2008	1702	1702	0	1	1	1	Attchd	1052	2008	367294
1232	7728	1962	1962	1106	1190	0	1	0	3	Attchd	540	2006	132500
1234	12160	1959	1959	1188	1188	0	1	0	3	Attchd	531	2010	142000
1236	13132	1914	1950	747	892	892	1	1	4	Detchd	180	2006	138887
1239	13072	2005	2005	1141	1141	0	1	1	3	Detchd	484	2006	142500
1240	9037	2006	2006	1476	1484	0	2	0	2	Attchd	472	2007	265900
1241	8158	2003	2003	884	884	884	2	1	3	Attchd	543	2008	224900
1242	9849	2007	2007	1689	1689	0	2	0	3	Attchd	954	2007	248328
1243	10625	1974	1974	1053	1173	0	2	0	3	Attchd	528	2010	170000
1244	13891	2006	2006	2076	2076	0	2	1	2	Attchd	850	2006	465000
1245	11435	1929	1950	792	792	725	1	0	3	Detchd	400	2006	230000
1247	8125	2005	2006	756	756	797	2	1	3	Attchd	615	2006	186500
1248	12328	1976	1976	1012	1034	0	1	0	3	Attchd	888	2010	169900
1249	9600	1917	1950	735	1134	924	1	1	3	Detchd	396	2008	129500
1250	7200	1950	1950	876	988	0	1	0	3	Attchd	276	2007	119000
1251	11160	1968	1968	2110	2110	0	2	1	3	Attchd	522	2010	244000
1252	3136	2003	2003	1405	1405	0	2	0	2	Attchd	478	2006	171750
1253	9858	1968	1968	864	874	0	1	0	3	Attchd	288	2009	130000
1254	17542	1974	2003	1192	1516	651	2	1	3	Attchd	518	2007	294000
1256	6240	1931	1950	884	959	408	1	0	3	Detchd	560	2007	127500
1257	14303	1994	1994	1986	1987	0	2	0	2	Attchd	691	2008	301500
1259	9587	2005	2005	856	1166	0	2	0	2	Attchd	400	2008	190000
1260	9750	1969	1969	1054	1054	0	1	1	3	Attchd	460	2008	151000
1262	9600	1956	1956	1050	1050	0	1	0	2	Attchd	338	2009	128900
1263	11250	1957	1989	1104	1104	684	1	0	5	Attchd	304	2009	161500
1264	13515	1919	1950	764	1060	764	1	0	3	Detchd	520	2007	180500
1265	4060	1998	1999	1405	1337	0	2	0	2	Attchd	511	2008	181000
1266	3735	1999	1999	691	713	739	2	1	3	Detchd	506	2006	183900
1267	10120	1910	1950	925	964	925	1	1	4	Detchd	308	2007	122000
1268	13214	2008	2009	2002	2018	0	2	0	3	Attchd	746	2010	378500
1270	11344	1958	1958	874	874	650	1	1	3	Attchd	315	2007	144000
1271	23595	1979	1979	1332	1332	192	0	1	0	Attchd	586	2010	260000
1272	9156	1968	1968	1489	1489	0	2	0	3	Attchd	462	2009	185750
1273	13526	1965	1965	935	935	0	1	0	3	Attchd	288	2006	137000
1275	5362	1910	2003	661	661	589	2	0	3	Detchd	552	2007	139000
1276	11345	1948	1950	928	928	992	2	0	4	Detchd	400	2007	137000
1277	12936	1972	1972	723	735	660	1	1	3	Attchd	497	2009	162000
1278	17871	1967	1976	1680	1724	0	1	1	3	Attchd	480	2009	197900
1279	9473	2002	2002	1128	1128	903	2	1	3	Attchd	577	2008	237000
1280	7500	1920	1950	698	698	430	1	0	2	Detchd	528	2010	68400
1281	9808	2002	2002	1573	1573	0	2	0	3	Attchd	544	2009	227000
1282	8049	1990	1990	1309	1339	0	2	0	2	Attchd	484	2006	180000
1283	8800	1977	2008	1040	1040	0	2	0	3	Detchd	484	2009	150500
1285	9638	1919	1990	804	1699	748	2	0	4	Detchd	336	2010	169000
1286	6000	1939	1950	780	825	587	1	0	4	Detchd	280	2009	132500
1287	9790	1963	1963	1328	1328	0	1	1	3	Attchd	528	2010	143000
1288	36500	1964	1964	1624	1582	0	2	0	4	Attchd	390	2006	190000
1289	5664	2000	2000	1501	1659	0	2	0	2	Attchd	499	2009	278000
1291	14112	1964	1964	1152	1152	0	1	0	3	Attchd	484	2010	180500
1292	1680	1972	1972	630	630	672	2	1	3	Detchd	264	2009	119500
1293	6600	1892	1965	994	1378	994	2	0	4	Attchd	432	2009	107500
1294	10140	1976	1976	832	832	832	2	1	4	Attchd	528	2006	162900
1295	8172	1955	1990	864	864	0	1	0	2	Detchd	572	2006	115000
1296	8400	1968	1968	1052	1052	0	1	1	3	Attchd	288	2006	138500
1297	8700	1963	1963	1120	1128	0	2	0	3	Attchd	525	2008	155000
1299	63887	2008	2008	6110	4692	950	2	1	3	Attchd	1418	2008	160000
1300	7500	1959	1994	1246	1246	0	1	1	3	Attchd	305	2010	154000
1301	10762	1999	1999	978	1005	978	2	1	3	Attchd	490	2009	225000
1302	7500	1942	1950	771	753	741	1	0	3	Attchd	213	2009	177500
1303	10120	1994	1994	1165	1203	1323	2	1	4	Attchd	844	2006	290000
1304	8688	2005	2005	1616	1616	0	2	0	3	Attchd	834	2006	232000
1305	3363	2004	2004	976	976	732	2	0	3	Detchd	380	2006	130000
1306	13173	2006	2007	1652	1652	0	2	0	2	Attchd	840	2009	325000
1307	6955	2005	2006	1368	1368	0	2	0	2	Attchd	474	2006	202500
1308	8072	1994	1995	990	990	0	1	0	3	Detchd	480	2009	138000
1309	12000	1948	2005	924	1122	0	1	0	2	Attchd	528	2008	147000
1310	7153	1991	1991	1278	1294	0	2	0	3	Attchd	496	2008	179200
1311	17500	1959	2002	1902	1902	0	2	0	3	Attchd	567	2010	335000
1312	8814	2005	2007	1274	1274	0	2	0	3	Attchd	508	2007	203000
1313	9572	1990	1990	1453	1453	1357	2	1	4	Attchd	750	2007	302000
1315	8190	1954	1954	948	948	0	1	0	3	Detchd	280	2007	119000
1316	11075	1969	1969	952	1092	1020	2	1	4	Attchd	576	2008	206900
1317	10226	2008	2008	1622	1630	0	2	0	3	Attchd	860	2009	295493
1318	4230	2006	2007	1352	1352	0	2	0	2	Attchd	466	2007	208900
1319	14781	2001	2002	1753	1787	0	2	0	3	Attchd	748	2006	275000
1320	10215	1954	1954	864	948	0	1	0	3	Attchd	248	2007	111000
1321	8400	1957	1957	1478	1478	0	1	1	3	Attchd	442	2009	156500
1322	6627	1949	1950	0	720	0	1	0	2	Detchd	287	2008	72500
1323	10186	1992	1992	750	1061	862	2	1	3	Attchd	564	2010	190000
1325	9986	2006	2007	1795	1795	0	2	0	2	Attchd	895	2007	147000
1328	6600	1982	2008	816	816	0	1	0	3	Attchd	264	2008	130500
1329	10440	1920	1950	1510	1584	1208	2	0	5	Detchd	520	2008	256000
1330	9084	1998	1998	935	955	677	2	1	3	Attchd	462	2006	176500
1331	10000	2006	2006	1588	1588	0	2	0	3	Attchd	825	2007	227000
1332	10780	1976	1976	911	954	0	1	0	3	Detchd	576	2006	132500
1333	8877	1938	1958	816	816	0	1	0	2	Detchd	288	2009	100000
1334	7200	1938	1995	803	803	557	1	1	2	Detchd	297	2006	125500
1335	2368	1970	1970	765	765	600	1	1	3	Attchd	440	2009	125000
1336	9650	1977	1977	1350	1334	0	2	0	2	Attchd	630	2009	167900
1337	9246	1973	1973	1656	1656	0	2	0	4	Detchd	506	2008	135000
1340	9560	1972	1972	864	864	0	1	0	3	Attchd	288	2006	128500
1341	8294	1971	1971	858	872	0	1	0	3	Detchd	480	2007	123000
1342	13695	2003	2004	1114	1114	0	1	0	3	Detchd	576	2008	155000
1343	9375	2002	2002	1284	1284	885	2	1	3	Attchd	647	2007	228500
1344	7558	1928	1950	896	1172	741	1	1	3	Detchd	342	2009	177000
1345	11103	2006	2006	728	728	728	2	1	3	Attchd	440	2007	155835
1346	6000	1920	1950	960	960	0	1	0	2	Detchd	308	2007	108500
1347	20781	1968	2003	1568	2156	0	2	0	3	Attchd	508	2006	262500
1348	15306	2006	2007	1732	1776	0	2	0	3	Attchd	712	2007	283463
1349	16196	1998	1998	1482	1494	0	2	0	3	Attchd	514	2007	215000
1351	11643	1969	1969	1248	1338	1296	2	2	6	Detchd	968	2009	200000
1352	9247	1962	1962	858	858	858	1	1	4	Attchd	490	2008	171000
1353	6000	1937	2000	698	786	390	1	0	2	Detchd	624	2009	134900
1354	14720	1995	1996	2033	2053	1185	2	1	4	Attchd	666	2010	410000
1355	10316	2000	2000	992	992	873	2	1	3	Attchd	839	2008	235000
1356	10192	1968	1992	570	1222	698	3	0	4	Attchd	487	2006	170000
1357	9477	1966	1966	864	892	0	1	0	3	Attchd	264	2008	110000
1358	12537	1971	2008	1078	1078	0	1	1	3	Attchd	500	2010	149900
1359	2117	2000	2000	756	769	804	2	1	3	Detchd	440	2010	177500
1360	16737	2004	2005	1980	1980	0	2	0	3	Attchd	770	2006	315000
1362	16158	2005	2005	1530	1530	0	2	0	3	Attchd	430	2009	260000
1363	12513	1920	2007	715	1281	457	2	0	4	Attchd	368	2009	104900
1365	3180	2005	2005	600	520	600	2	1	2	Detchd	480	2006	144152
1366	7500	2000	2000	814	814	860	2	1	3	Attchd	663	2010	216000
1367	9179	1999	1999	873	882	908	2	1	3	Attchd	588	2008	193000
1368	2665	1977	1977	757	925	550	2	0	4	Attchd	336	2006	127000
1369	4435	2003	2004	848	848	0	1	0	1	Attchd	420	2009	144000
1370	10635	2003	2003	1657	1668	0	2	0	3	Attchd	502	2010	232000
1371	5400	1920	1950	840	840	534	1	0	2	Detchd	338	2009	105000
1373	9750	1998	1998	1108	1108	989	2	1	3	Detchd	583	2006	274300
1374	11400	2001	2002	2633	2633	0	2	1	2	Attchd	804	2007	466500
1375	10625	2005	2005	1026	1026	932	2	1	3	Attchd	936	2008	250000
1376	10991	2007	2007	1571	1571	0	2	0	3	Attchd	722	2007	239000
1377	6292	1930	1950	768	790	0	1	0	2	Detchd	160	2008	91000
1378	10998	1941	1960	984	984	620	2	0	3	Detchd	660	2009	117000
1379	1953	1973	1973	483	483	504	1	1	2	Detchd	264	2006	83000
1381	8212	1914	1950	864	864	0	1	0	2	Detchd	200	2010	58500
1382	12925	1970	1970	1205	2117	0	2	1	4	Attchd	550	2008	237500
1383	7200	1920	1950	596	998	764	1	1	4	Detchd	576	2006	157000
1384	25339	1918	2007	816	1416	0	2	0	3	Attchd	576	2007	112000
1385	9060	1939	1950	560	698	560	1	0	2	Detchd	280	2009	105000
1386	5436	1922	2007	796	796	358	1	0	3	Detchd	240	2010	125500
1387	16692	1978	1978	1392	1392	1392	3	1	5	Attchd	564	2006	250000
1388	8520	1916	1950	714	1664	862	2	0	5	Detchd	216	2007	136000
1389	14892	2006	2007	1746	1746	0	2	0	3	Attchd	758	2009	377500
1390	6000	1941	1950	735	869	349	1	0	3	Detchd	440	2007	131000
1391	9100	2000	2000	1525	1525	0	2	0	3	Attchd	541	2006	235000
1392	8944	1967	1967	1584	1584	0	2	0	4	Detchd	792	2009	124000
1393	7838	1967	1967	864	900	0	1	0	3	Attchd	288	2006	123000
1394	10800	1905	2000	482	1221	691	2	0	3	Detchd	672	2008	163000
1395	4045	2006	2006	1356	1500	0	2	0	2	Attchd	648	2006	246578
